Бінарна дія і таблиця Келі 1:
(1, 1) -> 1
(1, 2) -> 1
(1, 3) -> 1
(2, 1) -> 1
(2, 2) -> 1
(2, 3) -> 1
(3, 1) -> 1
(3, 2) -> 1
(3, 3) -> 1
.  1 2 3
 +------
1| 1 1 1
2| 1 1 1
3| 1 1 1

Бінарна дія і таблиця Келі 2:
(1, 1) -> 1
(1, 2) -> 1
(1, 3) -> 1
(2, 1) -> 1
(2, 2) -> 1
(2, 3) -> 1
(3, 1) -> 1
(3, 2) -> 1
(3, 3) -> 2
.  1 2 3
 +------
1| 1 1 1
2| 1 1 1
3| 1 1 2

Бінарна дія і таблиця Келі 3:
(1, 1) -> 1
(1, 2) -> 1
(1, 3) -> 1
(2, 1) -> 1
(2, 2) -> 1
(2, 3) -> 1
(3, 1) -> 1
(3, 2) -> 1
(3, 3) -> 3
.  1 2 3
 +------
1| 1 1 1
2| 1 1 1
3| 1 1 3

Бінарна дія і таблиця Келі 4:
(1, 1) -> 1
(1, 2) -> 1
(1, 3) -> 1
(2, 1) -> 1
(2, 2) -> 1
(2, 3) -> 1
(3, 1) -> 1
(3, 2) -> 2
(3, 3) -> 1
.  1 2 3
 +------
1| 1 1 1
2| 1 1 1
3| 1 2 1

Бінарна дія і таблиця Келі 5:
(1, 1) -> 1
(1, 2) -> 1
(1, 3) -> 1
(2, 1) -> 1
(2, 2) -> 1
(2, 3) -> 1
(3, 1) -> 1
(3, 2) -> 2
(3, 3) -> 2
.  1 2 3
 +------
1| 1 1 1
2| 1 1 1
3| 1 2 2

Бінарна дія і таблиця Келі 6:
(1, 1) -> 1
(1, 2) -> 1
(1, 3) -> 1
(2, 1) -> 1
(2, 2) -> 1
(2, 3) -> 1
(3, 1) -> 1
(3, 2) -> 2
(3, 3) -> 3
.  1 2 3
 +------
1| 1 1 1
2| 1 1 1
3| 1 2 3

Бінарна дія і таблиця Келі 7:
(1, 1) -> 1
(1, 2) -> 1
(1, 3) -> 1
(2, 1) -> 1
(2, 2) -> 1
(2, 3) -> 1
(3, 1) -> 1
(3, 2) -> 3
(3, 3) -> 1
.  1 2 3
 +------
1| 1 1 1
2| 1 1 1
3| 1 3 1

Бінарна дія і таблиця Келі 8:
(1, 1) -> 1
(1, 2) -> 1
(1, 3) -> 1
(2, 1) -> 1
(2, 2) -> 1
(2, 3) -> 1
(3, 1) -> 1
(3, 2) -> 3
(3, 3) -> 2
.  1 2 3
 +------
1| 1 1 1
2| 1 1 1
3| 1 3 2

Бінарна дія і таблиця Келі 9:
(1, 1) -> 1
(1, 2) -> 1
(1, 3) -> 1
(2, 1) -> 1
(2, 2) -> 1
(2, 3) -> 1
(3, 1) -> 1
(3, 2) -> 3
(3, 3) -> 3
.  1 2 3
 +------
1| 1 1 1
2| 1 1 1
3| 1 3 3

Бінарна дія і таблиця Келі 10:
(1, 1) -> 1
(1, 2) -> 1
(1, 3) -> 1
(2, 1) -> 1
(2, 2) -> 1
(2, 3) -> 1
(3, 1) -> 2
(3, 2) -> 1
(3, 3) -> 1
.  1 2 3
 +------
1| 1 1 1
2| 1 1 1
3| 2 1 1

Бінарна дія і таблиця Келі 11:
(1, 1) -> 1
(1, 2) -> 1
(1, 3) -> 1
(2, 1) -> 1
(2, 2) -> 1
(2, 3) -> 1
(3, 1) -> 2
(3, 2) -> 1
(3, 3) -> 2
.  1 2 3
 +------
1| 1 1 1
2| 1 1 1
3| 2 1 2

Бінарна дія і таблиця Келі 12:
(1, 1) -> 1
(1, 2) -> 1
(1, 3) -> 1
(2, 1) -> 1
(2, 2) -> 1
(2, 3) -> 1
(3, 1) -> 2
(3, 2) -> 1
(3, 3) -> 3
.  1 2 3
 +------
1| 1 1 1
2| 1 1 1
3| 2 1 3

Бінарна дія і таблиця Келі 13:
(1, 1) -> 1
(1, 2) -> 1
(1, 3) -> 1
(2, 1) -> 1
(2, 2) -> 1
(2, 3) -> 1
(3, 1) -> 2
(3, 2) -> 2
(3, 3) -> 1
.  1 2 3
 +------
1| 1 1 1
2| 1 1 1
3| 2 2 1

Бінарна дія і таблиця Келі 14:
(1, 1) -> 1
(1, 2) -> 1
(1, 3) -> 1
(2, 1) -> 1
(2, 2) -> 1
(2, 3) -> 1
(3, 1) -> 2
(3, 2) -> 2
(3, 3) -> 2
.  1 2 3
 +------
1| 1 1 1
2| 1 1 1
3| 2 2 2

Бінарна дія і таблиця Келі 15:
(1, 1) -> 1
(1, 2) -> 1
(1, 3) -> 1
(2, 1) -> 1
(2, 2) -> 1
(2, 3) -> 1
(3, 1) -> 2
(3, 2) -> 2
(3, 3) -> 3
.  1 2 3
 +------
1| 1 1 1
2| 1 1 1
3| 2 2 3

Бінарна дія і таблиця Келі 16:
(1, 1) -> 1
(1, 2) -> 1
(1, 3) -> 1
(2, 1) -> 1
(2, 2) -> 1
(2, 3) -> 1
(3, 1) -> 2
(3, 2) -> 3
(3, 3) -> 1
.  1 2 3
 +------
1| 1 1 1
2| 1 1 1
3| 2 3 1

Бінарна дія і таблиця Келі 17:
(1, 1) -> 1
(1, 2) -> 1
(1, 3) -> 1
(2, 1) -> 1
(2, 2) -> 1
(2, 3) -> 1
(3, 1) -> 2
(3, 2) -> 3
(3, 3) -> 2
.  1 2 3
 +------
1| 1 1 1
2| 1 1 1
3| 2 3 2

Бінарна дія і таблиця Келі 18:
(1, 1) -> 1
(1, 2) -> 1
(1, 3) -> 1
(2, 1) -> 1
(2, 2) -> 1
(2, 3) -> 1
(3, 1) -> 2
(3, 2) -> 3
(3, 3) -> 3
.  1 2 3
 +------
1| 1 1 1
2| 1 1 1
3| 2 3 3

Бінарна дія і таблиця Келі 19:
(1, 1) -> 1
(1, 2) -> 1
(1, 3) -> 1
(2, 1) -> 1
(2, 2) -> 1
(2, 3) -> 1
(3, 1) -> 3
(3, 2) -> 1
(3, 3) -> 1
.  1 2 3
 +------
1| 1 1 1
2| 1 1 1
3| 3 1 1

Бінарна дія і таблиця Келі 20:
(1, 1) -> 1
(1, 2) -> 1
(1, 3) -> 1
(2, 1) -> 1
(2, 2) -> 1
(2, 3) -> 1
(3, 1) -> 3
(3, 2) -> 1
(3, 3) -> 2
.  1 2 3
 +------
1| 1 1 1
2| 1 1 1
3| 3 1 2

Бінарна дія і таблиця Келі 21:
(1, 1) -> 1
(1, 2) -> 1
(1, 3) -> 1
(2, 1) -> 1
(2, 2) -> 1
(2, 3) -> 1
(3, 1) -> 3
(3, 2) -> 1
(3, 3) -> 3
.  1 2 3
 +------
1| 1 1 1
2| 1 1 1
3| 3 1 3

Бінарна дія і таблиця Келі 22:
(1, 1) -> 1
(1, 2) -> 1
(1, 3) -> 1
(2, 1) -> 1
(2, 2) -> 1
(2, 3) -> 1
(3, 1) -> 3
(3, 2) -> 2
(3, 3) -> 1
.  1 2 3
 +------
1| 1 1 1
2| 1 1 1
3| 3 2 1

Бінарна дія і таблиця Келі 23:
(1, 1) -> 1
(1, 2) -> 1
(1, 3) -> 1
(2, 1) -> 1
(2, 2) -> 1
(2, 3) -> 1
(3, 1) -> 3
(3, 2) -> 2
(3, 3) -> 2
.  1 2 3
 +------
1| 1 1 1
2| 1 1 1
3| 3 2 2

Бінарна дія і таблиця Келі 24:
(1, 1) -> 1
(1, 2) -> 1
(1, 3) -> 1
(2, 1) -> 1
(2, 2) -> 1
(2, 3) -> 1
(3, 1) -> 3
(3, 2) -> 2
(3, 3) -> 3
.  1 2 3
 +------
1| 1 1 1
2| 1 1 1
3| 3 2 3

Бінарна дія і таблиця Келі 25:
(1, 1) -> 1
(1, 2) -> 1
(1, 3) -> 1
(2, 1) -> 1
(2, 2) -> 1
(2, 3) -> 1
(3, 1) -> 3
(3, 2) -> 3
(3, 3) -> 1
.  1 2 3
 +------
1| 1 1 1
2| 1 1 1
3| 3 3 1

Бінарна дія і таблиця Келі 26:
(1, 1) -> 1
(1, 2) -> 1
(1, 3) -> 1
(2, 1) -> 1
(2, 2) -> 1
(2, 3) -> 1
(3, 1) -> 3
(3, 2) -> 3
(3, 3) -> 2
.  1 2 3
 +------
1| 1 1 1
2| 1 1 1
3| 3 3 2

Бінарна дія і таблиця Келі 27:
(1, 1) -> 1
(1, 2) -> 1
(1, 3) -> 1
(2, 1) -> 1
(2, 2) -> 1
(2, 3) -> 1
(3, 1) -> 3
(3, 2) -> 3
(3, 3) -> 3
.  1 2 3
 +------
1| 1 1 1
2| 1 1 1
3| 3 3 3

Бінарна дія і таблиця Келі 28:
(1, 1) -> 1
(1, 2) -> 1
(1, 3) -> 1
(2, 1) -> 1
(2, 2) -> 1
(2, 3) -> 2
(3, 1) -> 1
(3, 2) -> 1
(3, 3) -> 1
.  1 2 3
 +------
1| 1 1 1
2| 1 1 2
3| 1 1 1

Бінарна дія і таблиця Келі 29:
(1, 1) -> 1
(1, 2) -> 1
(1, 3) -> 1
(2, 1) -> 1
(2, 2) -> 1
(2, 3) -> 2
(3, 1) -> 1
(3, 2) -> 1
(3, 3) -> 2
.  1 2 3
 +------
1| 1 1 1
2| 1 1 2
3| 1 1 2

Бінарна дія і таблиця Келі 30:
(1, 1) -> 1
(1, 2) -> 1
(1, 3) -> 1
(2, 1) -> 1
(2, 2) -> 1
(2, 3) -> 2
(3, 1) -> 1
(3, 2) -> 1
(3, 3) -> 3
.  1 2 3
 +------
1| 1 1 1
2| 1 1 2
3| 1 1 3

Бінарна дія і таблиця Келі 31:
(1, 1) -> 1
(1, 2) -> 1
(1, 3) -> 1
(2, 1) -> 1
(2, 2) -> 1
(2, 3) -> 2
(3, 1) -> 1
(3, 2) -> 2
(3, 3) -> 1
.  1 2 3
 +------
1| 1 1 1
2| 1 1 2
3| 1 2 1

Бінарна дія і таблиця Келі 32:
(1, 1) -> 1
(1, 2) -> 1
(1, 3) -> 1
(2, 1) -> 1
(2, 2) -> 1
(2, 3) -> 2
(3, 1) -> 1
(3, 2) -> 2
(3, 3) -> 2
.  1 2 3
 +------
1| 1 1 1
2| 1 1 2
3| 1 2 2

Бінарна дія і таблиця Келі 33:
(1, 1) -> 1
(1, 2) -> 1
(1, 3) -> 1
(2, 1) -> 1
(2, 2) -> 1
(2, 3) -> 2
(3, 1) -> 1
(3, 2) -> 2
(3, 3) -> 3
.  1 2 3
 +------
1| 1 1 1
2| 1 1 2
3| 1 2 3

Бінарна дія і таблиця Келі 34:
(1, 1) -> 1
(1, 2) -> 1
(1, 3) -> 1
(2, 1) -> 1
(2, 2) -> 1
(2, 3) -> 2
(3, 1) -> 1
(3, 2) -> 3
(3, 3) -> 1
.  1 2 3
 +------
1| 1 1 1
2| 1 1 2
3| 1 3 1

Бінарна дія і таблиця Келі 35:
(1, 1) -> 1
(1, 2) -> 1
(1, 3) -> 1
(2, 1) -> 1
(2, 2) -> 1
(2, 3) -> 2
(3, 1) -> 1
(3, 2) -> 3
(3, 3) -> 2
.  1 2 3
 +------
1| 1 1 1
2| 1 1 2
3| 1 3 2

Бінарна дія і таблиця Келі 36:
(1, 1) -> 1
(1, 2) -> 1
(1, 3) -> 1
(2, 1) -> 1
(2, 2) -> 1
(2, 3) -> 2
(3, 1) -> 1
(3, 2) -> 3
(3, 3) -> 3
.  1 2 3
 +------
1| 1 1 1
2| 1 1 2
3| 1 3 3

Бінарна дія і таблиця Келі 37:
(1, 1) -> 1
(1, 2) -> 1
(1, 3) -> 1
(2, 1) -> 1
(2, 2) -> 1
(2, 3) -> 2
(3, 1) -> 2
(3, 2) -> 1
(3, 3) -> 1
.  1 2 3
 +------
1| 1 1 1
2| 1 1 2
3| 2 1 1

Бінарна дія і таблиця Келі 38:
(1, 1) -> 1
(1, 2) -> 1
(1, 3) -> 1
(2, 1) -> 1
(2, 2) -> 1
(2, 3) -> 2
(3, 1) -> 2
(3, 2) -> 1
(3, 3) -> 2
.  1 2 3
 +------
1| 1 1 1
2| 1 1 2
3| 2 1 2

Бінарна дія і таблиця Келі 39:
(1, 1) -> 1
(1, 2) -> 1
(1, 3) -> 1
(2, 1) -> 1
(2, 2) -> 1
(2, 3) -> 2
(3, 1) -> 2
(3, 2) -> 1
(3, 3) -> 3
.  1 2 3
 +------
1| 1 1 1
2| 1 1 2
3| 2 1 3

Бінарна дія і таблиця Келі 40:
(1, 1) -> 1
(1, 2) -> 1
(1, 3) -> 1
(2, 1) -> 1
(2, 2) -> 1
(2, 3) -> 2
(3, 1) -> 2
(3, 2) -> 2
(3, 3) -> 1
.  1 2 3
 +------
1| 1 1 1
2| 1 1 2
3| 2 2 1

Бінарна дія і таблиця Келі 41:
(1, 1) -> 1
(1, 2) -> 1
(1, 3) -> 1
(2, 1) -> 1
(2, 2) -> 1
(2, 3) -> 2
(3, 1) -> 2
(3, 2) -> 2
(3, 3) -> 2
.  1 2 3
 +------
1| 1 1 1
2| 1 1 2
3| 2 2 2

Бінарна дія і таблиця Келі 42:
(1, 1) -> 1
(1, 2) -> 1
(1, 3) -> 1
(2, 1) -> 1
(2, 2) -> 1
(2, 3) -> 2
(3, 1) -> 2
(3, 2) -> 2
(3, 3) -> 3
.  1 2 3
 +------
1| 1 1 1
2| 1 1 2
3| 2 2 3

Бінарна дія і таблиця Келі 43:
(1, 1) -> 1
(1, 2) -> 1
(1, 3) -> 1
(2, 1) -> 1
(2, 2) -> 1
(2, 3) -> 2
(3, 1) -> 2
(3, 2) -> 3
(3, 3) -> 1
.  1 2 3
 +------
1| 1 1 1
2| 1 1 2
3| 2 3 1

Бінарна дія і таблиця Келі 44:
(1, 1) -> 1
(1, 2) -> 1
(1, 3) -> 1
(2, 1) -> 1
(2, 2) -> 1
(2, 3) -> 2
(3, 1) -> 2
(3, 2) -> 3
(3, 3) -> 2
.  1 2 3
 +------
1| 1 1 1
2| 1 1 2
3| 2 3 2

Бінарна дія і таблиця Келі 45:
(1, 1) -> 1
(1, 2) -> 1
(1, 3) -> 1
(2, 1) -> 1
(2, 2) -> 1
(2, 3) -> 2
(3, 1) -> 2
(3, 2) -> 3
(3, 3) -> 3
.  1 2 3
 +------
1| 1 1 1
2| 1 1 2
3| 2 3 3

Бінарна дія і таблиця Келі 46:
(1, 1) -> 1
(1, 2) -> 1
(1, 3) -> 1
(2, 1) -> 1
(2, 2) -> 1
(2, 3) -> 2
(3, 1) -> 3
(3, 2) -> 1
(3, 3) -> 1
.  1 2 3
 +------
1| 1 1 1
2| 1 1 2
3| 3 1 1

Бінарна дія і таблиця Келі 47:
(1, 1) -> 1
(1, 2) -> 1
(1, 3) -> 1
(2, 1) -> 1
(2, 2) -> 1
(2, 3) -> 2
(3, 1) -> 3
(3, 2) -> 1
(3, 3) -> 2
.  1 2 3
 +------
1| 1 1 1
2| 1 1 2
3| 3 1 2

Бінарна дія і таблиця Келі 48:
(1, 1) -> 1
(1, 2) -> 1
(1, 3) -> 1
(2, 1) -> 1
(2, 2) -> 1
(2, 3) -> 2
(3, 1) -> 3
(3, 2) -> 1
(3, 3) -> 3
.  1 2 3
 +------
1| 1 1 1
2| 1 1 2
3| 3 1 3

Бінарна дія і таблиця Келі 49:
(1, 1) -> 1
(1, 2) -> 1
(1, 3) -> 1
(2, 1) -> 1
(2, 2) -> 1
(2, 3) -> 2
(3, 1) -> 3
(3, 2) -> 2
(3, 3) -> 1
.  1 2 3
 +------
1| 1 1 1
2| 1 1 2
3| 3 2 1

Бінарна дія і таблиця Келі 50:
(1, 1) -> 1
(1, 2) -> 1
(1, 3) -> 1
(2, 1) -> 1
(2, 2) -> 1
(2, 3) -> 2
(3, 1) -> 3
(3, 2) -> 2
(3, 3) -> 2
.  1 2 3
 +------
1| 1 1 1
2| 1 1 2
3| 3 2 2

Бінарна дія і таблиця Келі 51:
(1, 1) -> 1
(1, 2) -> 1
(1, 3) -> 1
(2, 1) -> 1
(2, 2) -> 1
(2, 3) -> 2
(3, 1) -> 3
(3, 2) -> 2
(3, 3) -> 3
.  1 2 3
 +------
1| 1 1 1
2| 1 1 2
3| 3 2 3

Бінарна дія і таблиця Келі 52:
(1, 1) -> 1
(1, 2) -> 1
(1, 3) -> 1
(2, 1) -> 1
(2, 2) -> 1
(2, 3) -> 2
(3, 1) -> 3
(3, 2) -> 3
(3, 3) -> 1
.  1 2 3
 +------
1| 1 1 1
2| 1 1 2
3| 3 3 1

Бінарна дія і таблиця Келі 53:
(1, 1) -> 1
(1, 2) -> 1
(1, 3) -> 1
(2, 1) -> 1
(2, 2) -> 1
(2, 3) -> 2
(3, 1) -> 3
(3, 2) -> 3
(3, 3) -> 2
.  1 2 3
 +------
1| 1 1 1
2| 1 1 2
3| 3 3 2

Бінарна дія і таблиця Келі 54:
(1, 1) -> 1
(1, 2) -> 1
(1, 3) -> 1
(2, 1) -> 1
(2, 2) -> 1
(2, 3) -> 2
(3, 1) -> 3
(3, 2) -> 3
(3, 3) -> 3
.  1 2 3
 +------
1| 1 1 1
2| 1 1 2
3| 3 3 3

Бінарна дія і таблиця Келі 55:
(1, 1) -> 1
(1, 2) -> 1
(1, 3) -> 1
(2, 1) -> 1
(2, 2) -> 1
(2, 3) -> 3
(3, 1) -> 1
(3, 2) -> 1
(3, 3) -> 1
.  1 2 3
 +------
1| 1 1 1
2| 1 1 3
3| 1 1 1

Бінарна дія і таблиця Келі 56:
(1, 1) -> 1
(1, 2) -> 1
(1, 3) -> 1
(2, 1) -> 1
(2, 2) -> 1
(2, 3) -> 3
(3, 1) -> 1
(3, 2) -> 1
(3, 3) -> 2
.  1 2 3
 +------
1| 1 1 1
2| 1 1 3
3| 1 1 2

Бінарна дія і таблиця Келі 57:
(1, 1) -> 1
(1, 2) -> 1
(1, 3) -> 1
(2, 1) -> 1
(2, 2) -> 1
(2, 3) -> 3
(3, 1) -> 1
(3, 2) -> 1
(3, 3) -> 3
.  1 2 3
 +------
1| 1 1 1
2| 1 1 3
3| 1 1 3

Бінарна дія і таблиця Келі 58:
(1, 1) -> 1
(1, 2) -> 1
(1, 3) -> 1
(2, 1) -> 1
(2, 2) -> 1
(2, 3) -> 3
(3, 1) -> 1
(3, 2) -> 2
(3, 3) -> 1
.  1 2 3
 +------
1| 1 1 1
2| 1 1 3
3| 1 2 1

Бінарна дія і таблиця Келі 59:
(1, 1) -> 1
(1, 2) -> 1
(1, 3) -> 1
(2, 1) -> 1
(2, 2) -> 1
(2, 3) -> 3
(3, 1) -> 1
(3, 2) -> 2
(3, 3) -> 2
.  1 2 3
 +------
1| 1 1 1
2| 1 1 3
3| 1 2 2

Бінарна дія і таблиця Келі 60:
(1, 1) -> 1
(1, 2) -> 1
(1, 3) -> 1
(2, 1) -> 1
(2, 2) -> 1
(2, 3) -> 3
(3, 1) -> 1
(3, 2) -> 2
(3, 3) -> 3
.  1 2 3
 +------
1| 1 1 1
2| 1 1 3
3| 1 2 3

Бінарна дія і таблиця Келі 61:
(1, 1) -> 1
(1, 2) -> 1
(1, 3) -> 1
(2, 1) -> 1
(2, 2) -> 1
(2, 3) -> 3
(3, 1) -> 1
(3, 2) -> 3
(3, 3) -> 1
.  1 2 3
 +------
1| 1 1 1
2| 1 1 3
3| 1 3 1

Бінарна дія і таблиця Келі 62:
(1, 1) -> 1
(1, 2) -> 1
(1, 3) -> 1
(2, 1) -> 1
(2, 2) -> 1
(2, 3) -> 3
(3, 1) -> 1
(3, 2) -> 3
(3, 3) -> 2
.  1 2 3
 +------
1| 1 1 1
2| 1 1 3
3| 1 3 2

Бінарна дія і таблиця Келі 63:
(1, 1) -> 1
(1, 2) -> 1
(1, 3) -> 1
(2, 1) -> 1
(2, 2) -> 1
(2, 3) -> 3
(3, 1) -> 1
(3, 2) -> 3
(3, 3) -> 3
.  1 2 3
 +------
1| 1 1 1
2| 1 1 3
3| 1 3 3

Бінарна дія і таблиця Келі 64:
(1, 1) -> 1
(1, 2) -> 1
(1, 3) -> 1
(2, 1) -> 1
(2, 2) -> 1
(2, 3) -> 3
(3, 1) -> 2
(3, 2) -> 1
(3, 3) -> 1
.  1 2 3
 +------
1| 1 1 1
2| 1 1 3
3| 2 1 1

Бінарна дія і таблиця Келі 65:
(1, 1) -> 1
(1, 2) -> 1
(1, 3) -> 1
(2, 1) -> 1
(2, 2) -> 1
(2, 3) -> 3
(3, 1) -> 2
(3, 2) -> 1
(3, 3) -> 2
.  1 2 3
 +------
1| 1 1 1
2| 1 1 3
3| 2 1 2

Бінарна дія і таблиця Келі 66:
(1, 1) -> 1
(1, 2) -> 1
(1, 3) -> 1
(2, 1) -> 1
(2, 2) -> 1
(2, 3) -> 3
(3, 1) -> 2
(3, 2) -> 1
(3, 3) -> 3
.  1 2 3
 +------
1| 1 1 1
2| 1 1 3
3| 2 1 3

Бінарна дія і таблиця Келі 67:
(1, 1) -> 1
(1, 2) -> 1
(1, 3) -> 1
(2, 1) -> 1
(2, 2) -> 1
(2, 3) -> 3
(3, 1) -> 2
(3, 2) -> 2
(3, 3) -> 1
.  1 2 3
 +------
1| 1 1 1
2| 1 1 3
3| 2 2 1

Бінарна дія і таблиця Келі 68:
(1, 1) -> 1
(1, 2) -> 1
(1, 3) -> 1
(2, 1) -> 1
(2, 2) -> 1
(2, 3) -> 3
(3, 1) -> 2
(3, 2) -> 2
(3, 3) -> 2
.  1 2 3
 +------
1| 1 1 1
2| 1 1 3
3| 2 2 2

Бінарна дія і таблиця Келі 69:
(1, 1) -> 1
(1, 2) -> 1
(1, 3) -> 1
(2, 1) -> 1
(2, 2) -> 1
(2, 3) -> 3
(3, 1) -> 2
(3, 2) -> 2
(3, 3) -> 3
.  1 2 3
 +------
1| 1 1 1
2| 1 1 3
3| 2 2 3

Бінарна дія і таблиця Келі 70:
(1, 1) -> 1
(1, 2) -> 1
(1, 3) -> 1
(2, 1) -> 1
(2, 2) -> 1
(2, 3) -> 3
(3, 1) -> 2
(3, 2) -> 3
(3, 3) -> 1
.  1 2 3
 +------
1| 1 1 1
2| 1 1 3
3| 2 3 1

Бінарна дія і таблиця Келі 71:
(1, 1) -> 1
(1, 2) -> 1
(1, 3) -> 1
(2, 1) -> 1
(2, 2) -> 1
(2, 3) -> 3
(3, 1) -> 2
(3, 2) -> 3
(3, 3) -> 2
.  1 2 3
 +------
1| 1 1 1
2| 1 1 3
3| 2 3 2

Бінарна дія і таблиця Келі 72:
(1, 1) -> 1
(1, 2) -> 1
(1, 3) -> 1
(2, 1) -> 1
(2, 2) -> 1
(2, 3) -> 3
(3, 1) -> 2
(3, 2) -> 3
(3, 3) -> 3
.  1 2 3
 +------
1| 1 1 1
2| 1 1 3
3| 2 3 3

Бінарна дія і таблиця Келі 73:
(1, 1) -> 1
(1, 2) -> 1
(1, 3) -> 1
(2, 1) -> 1
(2, 2) -> 1
(2, 3) -> 3
(3, 1) -> 3
(3, 2) -> 1
(3, 3) -> 1
.  1 2 3
 +------
1| 1 1 1
2| 1 1 3
3| 3 1 1

Бінарна дія і таблиця Келі 74:
(1, 1) -> 1
(1, 2) -> 1
(1, 3) -> 1
(2, 1) -> 1
(2, 2) -> 1
(2, 3) -> 3
(3, 1) -> 3
(3, 2) -> 1
(3, 3) -> 2
.  1 2 3
 +------
1| 1 1 1
2| 1 1 3
3| 3 1 2

Бінарна дія і таблиця Келі 75:
(1, 1) -> 1
(1, 2) -> 1
(1, 3) -> 1
(2, 1) -> 1
(2, 2) -> 1
(2, 3) -> 3
(3, 1) -> 3
(3, 2) -> 1
(3, 3) -> 3
.  1 2 3
 +------
1| 1 1 1
2| 1 1 3
3| 3 1 3

Бінарна дія і таблиця Келі 76:
(1, 1) -> 1
(1, 2) -> 1
(1, 3) -> 1
(2, 1) -> 1
(2, 2) -> 1
(2, 3) -> 3
(3, 1) -> 3
(3, 2) -> 2
(3, 3) -> 1
.  1 2 3
 +------
1| 1 1 1
2| 1 1 3
3| 3 2 1

Бінарна дія і таблиця Келі 77:
(1, 1) -> 1
(1, 2) -> 1
(1, 3) -> 1
(2, 1) -> 1
(2, 2) -> 1
(2, 3) -> 3
(3, 1) -> 3
(3, 2) -> 2
(3, 3) -> 2
.  1 2 3
 +------
1| 1 1 1
2| 1 1 3
3| 3 2 2

Бінарна дія і таблиця Келі 78:
(1, 1) -> 1
(1, 2) -> 1
(1, 3) -> 1
(2, 1) -> 1
(2, 2) -> 1
(2, 3) -> 3
(3, 1) -> 3
(3, 2) -> 2
(3, 3) -> 3
.  1 2 3
 +------
1| 1 1 1
2| 1 1 3
3| 3 2 3

Бінарна дія і таблиця Келі 79:
(1, 1) -> 1
(1, 2) -> 1
(1, 3) -> 1
(2, 1) -> 1
(2, 2) -> 1
(2, 3) -> 3
(3, 1) -> 3
(3, 2) -> 3
(3, 3) -> 1
.  1 2 3
 +------
1| 1 1 1
2| 1 1 3
3| 3 3 1

Бінарна дія і таблиця Келі 80:
(1, 1) -> 1
(1, 2) -> 1
(1, 3) -> 1
(2, 1) -> 1
(2, 2) -> 1
(2, 3) -> 3
(3, 1) -> 3
(3, 2) -> 3
(3, 3) -> 2
.  1 2 3
 +------
1| 1 1 1
2| 1 1 3
3| 3 3 2

Бінарна дія і таблиця Келі 81:
(1, 1) -> 1
(1, 2) -> 1
(1, 3) -> 1
(2, 1) -> 1
(2, 2) -> 1
(2, 3) -> 3
(3, 1) -> 3
(3, 2) -> 3
(3, 3) -> 3
.  1 2 3
 +------
1| 1 1 1
2| 1 1 3
3| 3 3 3

Бінарна дія і таблиця Келі 82:
(1, 1) -> 1
(1, 2) -> 1
(1, 3) -> 1
(2, 1) -> 1
(2, 2) -> 2
(2, 3) -> 1
(3, 1) -> 1
(3, 2) -> 1
(3, 3) -> 1
.  1 2 3
 +------
1| 1 1 1
2| 1 2 1
3| 1 1 1

Бінарна дія і таблиця Келі 83:
(1, 1) -> 1
(1, 2) -> 1
(1, 3) -> 1
(2, 1) -> 1
(2, 2) -> 2
(2, 3) -> 1
(3, 1) -> 1
(3, 2) -> 1
(3, 3) -> 2
.  1 2 3
 +------
1| 1 1 1
2| 1 2 1
3| 1 1 2

Бінарна дія і таблиця Келі 84:
(1, 1) -> 1
(1, 2) -> 1
(1, 3) -> 1
(2, 1) -> 1
(2, 2) -> 2
(2, 3) -> 1
(3, 1) -> 1
(3, 2) -> 1
(3, 3) -> 3
.  1 2 3
 +------
1| 1 1 1
2| 1 2 1
3| 1 1 3

Бінарна дія і таблиця Келі 85:
(1, 1) -> 1
(1, 2) -> 1
(1, 3) -> 1
(2, 1) -> 1
(2, 2) -> 2
(2, 3) -> 1
(3, 1) -> 1
(3, 2) -> 2
(3, 3) -> 1
.  1 2 3
 +------
1| 1 1 1
2| 1 2 1
3| 1 2 1

Бінарна дія і таблиця Келі 86:
(1, 1) -> 1
(1, 2) -> 1
(1, 3) -> 1
(2, 1) -> 1
(2, 2) -> 2
(2, 3) -> 1
(3, 1) -> 1
(3, 2) -> 2
(3, 3) -> 2
.  1 2 3
 +------
1| 1 1 1
2| 1 2 1
3| 1 2 2

Бінарна дія і таблиця Келі 87:
(1, 1) -> 1
(1, 2) -> 1
(1, 3) -> 1
(2, 1) -> 1
(2, 2) -> 2
(2, 3) -> 1
(3, 1) -> 1
(3, 2) -> 2
(3, 3) -> 3
.  1 2 3
 +------
1| 1 1 1
2| 1 2 1
3| 1 2 3

Бінарна дія і таблиця Келі 88:
(1, 1) -> 1
(1, 2) -> 1
(1, 3) -> 1
(2, 1) -> 1
(2, 2) -> 2
(2, 3) -> 1
(3, 1) -> 1
(3, 2) -> 3
(3, 3) -> 1
.  1 2 3
 +------
1| 1 1 1
2| 1 2 1
3| 1 3 1

Бінарна дія і таблиця Келі 89:
(1, 1) -> 1
(1, 2) -> 1
(1, 3) -> 1
(2, 1) -> 1
(2, 2) -> 2
(2, 3) -> 1
(3, 1) -> 1
(3, 2) -> 3
(3, 3) -> 2
.  1 2 3
 +------
1| 1 1 1
2| 1 2 1
3| 1 3 2

Бінарна дія і таблиця Келі 90:
(1, 1) -> 1
(1, 2) -> 1
(1, 3) -> 1
(2, 1) -> 1
(2, 2) -> 2
(2, 3) -> 1
(3, 1) -> 1
(3, 2) -> 3
(3, 3) -> 3
.  1 2 3
 +------
1| 1 1 1
2| 1 2 1
3| 1 3 3

Бінарна дія і таблиця Келі 91:
(1, 1) -> 1
(1, 2) -> 1
(1, 3) -> 1
(2, 1) -> 1
(2, 2) -> 2
(2, 3) -> 1
(3, 1) -> 2
(3, 2) -> 1
(3, 3) -> 1
.  1 2 3
 +------
1| 1 1 1
2| 1 2 1
3| 2 1 1

Бінарна дія і таблиця Келі 92:
(1, 1) -> 1
(1, 2) -> 1
(1, 3) -> 1
(2, 1) -> 1
(2, 2) -> 2
(2, 3) -> 1
(3, 1) -> 2
(3, 2) -> 1
(3, 3) -> 2
.  1 2 3
 +------
1| 1 1 1
2| 1 2 1
3| 2 1 2

Бінарна дія і таблиця Келі 93:
(1, 1) -> 1
(1, 2) -> 1
(1, 3) -> 1
(2, 1) -> 1
(2, 2) -> 2
(2, 3) -> 1
(3, 1) -> 2
(3, 2) -> 1
(3, 3) -> 3
.  1 2 3
 +------
1| 1 1 1
2| 1 2 1
3| 2 1 3

Бінарна дія і таблиця Келі 94:
(1, 1) -> 1
(1, 2) -> 1
(1, 3) -> 1
(2, 1) -> 1
(2, 2) -> 2
(2, 3) -> 1
(3, 1) -> 2
(3, 2) -> 2
(3, 3) -> 1
.  1 2 3
 +------
1| 1 1 1
2| 1 2 1
3| 2 2 1

Бінарна дія і таблиця Келі 95:
(1, 1) -> 1
(1, 2) -> 1
(1, 3) -> 1
(2, 1) -> 1
(2, 2) -> 2
(2, 3) -> 1
(3, 1) -> 2
(3, 2) -> 2
(3, 3) -> 2
.  1 2 3
 +------
1| 1 1 1
2| 1 2 1
3| 2 2 2

Бінарна дія і таблиця Келі 96:
(1, 1) -> 1
(1, 2) -> 1
(1, 3) -> 1
(2, 1) -> 1
(2, 2) -> 2
(2, 3) -> 1
(3, 1) -> 2
(3, 2) -> 2
(3, 3) -> 3
.  1 2 3
 +------
1| 1 1 1
2| 1 2 1
3| 2 2 3

Бінарна дія і таблиця Келі 97:
(1, 1) -> 1
(1, 2) -> 1
(1, 3) -> 1
(2, 1) -> 1
(2, 2) -> 2
(2, 3) -> 1
(3, 1) -> 2
(3, 2) -> 3
(3, 3) -> 1
.  1 2 3
 +------
1| 1 1 1
2| 1 2 1
3| 2 3 1

Бінарна дія і таблиця Келі 98:
(1, 1) -> 1
(1, 2) -> 1
(1, 3) -> 1
(2, 1) -> 1
(2, 2) -> 2
(2, 3) -> 1
(3, 1) -> 2
(3, 2) -> 3
(3, 3) -> 2
.  1 2 3
 +------
1| 1 1 1
2| 1 2 1
3| 2 3 2

Бінарна дія і таблиця Келі 99:
(1, 1) -> 1
(1, 2) -> 1
(1, 3) -> 1
(2, 1) -> 1
(2, 2) -> 2
(2, 3) -> 1
(3, 1) -> 2
(3, 2) -> 3
(3, 3) -> 3
.  1 2 3
 +------
1| 1 1 1
2| 1 2 1
3| 2 3 3

Бінарна дія і таблиця Келі 100:
(1, 1) -> 1
(1, 2) -> 1
(1, 3) -> 1
(2, 1) -> 1
(2, 2) -> 2
(2, 3) -> 1
(3, 1) -> 3
(3, 2) -> 1
(3, 3) -> 1
.  1 2 3
 +------
1| 1 1 1
2| 1 2 1
3| 3 1 1

Бінарна дія і таблиця Келі 101:
(1, 1) -> 1
(1, 2) -> 1
(1, 3) -> 1
(2, 1) -> 1
(2, 2) -> 2
(2, 3) -> 1
(3, 1) -> 3
(3, 2) -> 1
(3, 3) -> 2
.  1 2 3
 +------
1| 1 1 1
2| 1 2 1
3| 3 1 2

Бінарна дія і таблиця Келі 102:
(1, 1) -> 1
(1, 2) -> 1
(1, 3) -> 1
(2, 1) -> 1
(2, 2) -> 2
(2, 3) -> 1
(3, 1) -> 3
(3, 2) -> 1
(3, 3) -> 3
.  1 2 3
 +------
1| 1 1 1
2| 1 2 1
3| 3 1 3

Бінарна дія і таблиця Келі 103:
(1, 1) -> 1
(1, 2) -> 1
(1, 3) -> 1
(2, 1) -> 1
(2, 2) -> 2
(2, 3) -> 1
(3, 1) -> 3
(3, 2) -> 2
(3, 3) -> 1
.  1 2 3
 +------
1| 1 1 1
2| 1 2 1
3| 3 2 1

Бінарна дія і таблиця Келі 104:
(1, 1) -> 1
(1, 2) -> 1
(1, 3) -> 1
(2, 1) -> 1
(2, 2) -> 2
(2, 3) -> 1
(3, 1) -> 3
(3, 2) -> 2
(3, 3) -> 2
.  1 2 3
 +------
1| 1 1 1
2| 1 2 1
3| 3 2 2

Бінарна дія і таблиця Келі 105:
(1, 1) -> 1
(1, 2) -> 1
(1, 3) -> 1
(2, 1) -> 1
(2, 2) -> 2
(2, 3) -> 1
(3, 1) -> 3
(3, 2) -> 2
(3, 3) -> 3
.  1 2 3
 +------
1| 1 1 1
2| 1 2 1
3| 3 2 3

Бінарна дія і таблиця Келі 106:
(1, 1) -> 1
(1, 2) -> 1
(1, 3) -> 1
(2, 1) -> 1
(2, 2) -> 2
(2, 3) -> 1
(3, 1) -> 3
(3, 2) -> 3
(3, 3) -> 1
.  1 2 3
 +------
1| 1 1 1
2| 1 2 1
3| 3 3 1

Бінарна дія і таблиця Келі 107:
(1, 1) -> 1
(1, 2) -> 1
(1, 3) -> 1
(2, 1) -> 1
(2, 2) -> 2
(2, 3) -> 1
(3, 1) -> 3
(3, 2) -> 3
(3, 3) -> 2
.  1 2 3
 +------
1| 1 1 1
2| 1 2 1
3| 3 3 2

Бінарна дія і таблиця Келі 108:
(1, 1) -> 1
(1, 2) -> 1
(1, 3) -> 1
(2, 1) -> 1
(2, 2) -> 2
(2, 3) -> 1
(3, 1) -> 3
(3, 2) -> 3
(3, 3) -> 3
.  1 2 3
 +------
1| 1 1 1
2| 1 2 1
3| 3 3 3

Бінарна дія і таблиця Келі 109:
(1, 1) -> 1
(1, 2) -> 1
(1, 3) -> 1
(2, 1) -> 1
(2, 2) -> 2
(2, 3) -> 2
(3, 1) -> 1
(3, 2) -> 1
(3, 3) -> 1
.  1 2 3
 +------
1| 1 1 1
2| 1 2 2
3| 1 1 1

Бінарна дія і таблиця Келі 110:
(1, 1) -> 1
(1, 2) -> 1
(1, 3) -> 1
(2, 1) -> 1
(2, 2) -> 2
(2, 3) -> 2
(3, 1) -> 1
(3, 2) -> 1
(3, 3) -> 2
.  1 2 3
 +------
1| 1 1 1
2| 1 2 2
3| 1 1 2

Бінарна дія і таблиця Келі 111:
(1, 1) -> 1
(1, 2) -> 1
(1, 3) -> 1
(2, 1) -> 1
(2, 2) -> 2
(2, 3) -> 2
(3, 1) -> 1
(3, 2) -> 1
(3, 3) -> 3
.  1 2 3
 +------
1| 1 1 1
2| 1 2 2
3| 1 1 3

Бінарна дія і таблиця Келі 112:
(1, 1) -> 1
(1, 2) -> 1
(1, 3) -> 1
(2, 1) -> 1
(2, 2) -> 2
(2, 3) -> 2
(3, 1) -> 1
(3, 2) -> 2
(3, 3) -> 1
.  1 2 3
 +------
1| 1 1 1
2| 1 2 2
3| 1 2 1

Бінарна дія і таблиця Келі 113:
(1, 1) -> 1
(1, 2) -> 1
(1, 3) -> 1
(2, 1) -> 1
(2, 2) -> 2
(2, 3) -> 2
(3, 1) -> 1
(3, 2) -> 2
(3, 3) -> 2
.  1 2 3
 +------
1| 1 1 1
2| 1 2 2
3| 1 2 2

Бінарна дія і таблиця Келі 114:
(1, 1) -> 1
(1, 2) -> 1
(1, 3) -> 1
(2, 1) -> 1
(2, 2) -> 2
(2, 3) -> 2
(3, 1) -> 1
(3, 2) -> 2
(3, 3) -> 3
.  1 2 3
 +------
1| 1 1 1
2| 1 2 2
3| 1 2 3

Бінарна дія і таблиця Келі 115:
(1, 1) -> 1
(1, 2) -> 1
(1, 3) -> 1
(2, 1) -> 1
(2, 2) -> 2
(2, 3) -> 2
(3, 1) -> 1
(3, 2) -> 3
(3, 3) -> 1
.  1 2 3
 +------
1| 1 1 1
2| 1 2 2
3| 1 3 1

Бінарна дія і таблиця Келі 116:
(1, 1) -> 1
(1, 2) -> 1
(1, 3) -> 1
(2, 1) -> 1
(2, 2) -> 2
(2, 3) -> 2
(3, 1) -> 1
(3, 2) -> 3
(3, 3) -> 2
.  1 2 3
 +------
1| 1 1 1
2| 1 2 2
3| 1 3 2

Бінарна дія і таблиця Келі 117:
(1, 1) -> 1
(1, 2) -> 1
(1, 3) -> 1
(2, 1) -> 1
(2, 2) -> 2
(2, 3) -> 2
(3, 1) -> 1
(3, 2) -> 3
(3, 3) -> 3
.  1 2 3
 +------
1| 1 1 1
2| 1 2 2
3| 1 3 3

Бінарна дія і таблиця Келі 118:
(1, 1) -> 1
(1, 2) -> 1
(1, 3) -> 1
(2, 1) -> 1
(2, 2) -> 2
(2, 3) -> 2
(3, 1) -> 2
(3, 2) -> 1
(3, 3) -> 1
.  1 2 3
 +------
1| 1 1 1
2| 1 2 2
3| 2 1 1

Бінарна дія і таблиця Келі 119:
(1, 1) -> 1
(1, 2) -> 1
(1, 3) -> 1
(2, 1) -> 1
(2, 2) -> 2
(2, 3) -> 2
(3, 1) -> 2
(3, 2) -> 1
(3, 3) -> 2
.  1 2 3
 +------
1| 1 1 1
2| 1 2 2
3| 2 1 2

Бінарна дія і таблиця Келі 120:
(1, 1) -> 1
(1, 2) -> 1
(1, 3) -> 1
(2, 1) -> 1
(2, 2) -> 2
(2, 3) -> 2
(3, 1) -> 2
(3, 2) -> 1
(3, 3) -> 3
.  1 2 3
 +------
1| 1 1 1
2| 1 2 2
3| 2 1 3

Бінарна дія і таблиця Келі 121:
(1, 1) -> 1
(1, 2) -> 1
(1, 3) -> 1
(2, 1) -> 1
(2, 2) -> 2
(2, 3) -> 2
(3, 1) -> 2
(3, 2) -> 2
(3, 3) -> 1
.  1 2 3
 +------
1| 1 1 1
2| 1 2 2
3| 2 2 1

Бінарна дія і таблиця Келі 122:
(1, 1) -> 1
(1, 2) -> 1
(1, 3) -> 1
(2, 1) -> 1
(2, 2) -> 2
(2, 3) -> 2
(3, 1) -> 2
(3, 2) -> 2
(3, 3) -> 2
.  1 2 3
 +------
1| 1 1 1
2| 1 2 2
3| 2 2 2

Бінарна дія і таблиця Келі 123:
(1, 1) -> 1
(1, 2) -> 1
(1, 3) -> 1
(2, 1) -> 1
(2, 2) -> 2
(2, 3) -> 2
(3, 1) -> 2
(3, 2) -> 2
(3, 3) -> 3
.  1 2 3
 +------
1| 1 1 1
2| 1 2 2
3| 2 2 3

Бінарна дія і таблиця Келі 124:
(1, 1) -> 1
(1, 2) -> 1
(1, 3) -> 1
(2, 1) -> 1
(2, 2) -> 2
(2, 3) -> 2
(3, 1) -> 2
(3, 2) -> 3
(3, 3) -> 1
.  1 2 3
 +------
1| 1 1 1
2| 1 2 2
3| 2 3 1

Бінарна дія і таблиця Келі 125:
(1, 1) -> 1
(1, 2) -> 1
(1, 3) -> 1
(2, 1) -> 1
(2, 2) -> 2
(2, 3) -> 2
(3, 1) -> 2
(3, 2) -> 3
(3, 3) -> 2
.  1 2 3
 +------
1| 1 1 1
2| 1 2 2
3| 2 3 2

Бінарна дія і таблиця Келі 126:
(1, 1) -> 1
(1, 2) -> 1
(1, 3) -> 1
(2, 1) -> 1
(2, 2) -> 2
(2, 3) -> 2
(3, 1) -> 2
(3, 2) -> 3
(3, 3) -> 3
.  1 2 3
 +------
1| 1 1 1
2| 1 2 2
3| 2 3 3

Бінарна дія і таблиця Келі 127:
(1, 1) -> 1
(1, 2) -> 1
(1, 3) -> 1
(2, 1) -> 1
(2, 2) -> 2
(2, 3) -> 2
(3, 1) -> 3
(3, 2) -> 1
(3, 3) -> 1
.  1 2 3
 +------
1| 1 1 1
2| 1 2 2
3| 3 1 1

Бінарна дія і таблиця Келі 128:
(1, 1) -> 1
(1, 2) -> 1
(1, 3) -> 1
(2, 1) -> 1
(2, 2) -> 2
(2, 3) -> 2
(3, 1) -> 3
(3, 2) -> 1
(3, 3) -> 2
.  1 2 3
 +------
1| 1 1 1
2| 1 2 2
3| 3 1 2

Бінарна дія і таблиця Келі 129:
(1, 1) -> 1
(1, 2) -> 1
(1, 3) -> 1
(2, 1) -> 1
(2, 2) -> 2
(2, 3) -> 2
(3, 1) -> 3
(3, 2) -> 1
(3, 3) -> 3
.  1 2 3
 +------
1| 1 1 1
2| 1 2 2
3| 3 1 3

Бінарна дія і таблиця Келі 130:
(1, 1) -> 1
(1, 2) -> 1
(1, 3) -> 1
(2, 1) -> 1
(2, 2) -> 2
(2, 3) -> 2
(3, 1) -> 3
(3, 2) -> 2
(3, 3) -> 1
.  1 2 3
 +------
1| 1 1 1
2| 1 2 2
3| 3 2 1

Бінарна дія і таблиця Келі 131:
(1, 1) -> 1
(1, 2) -> 1
(1, 3) -> 1
(2, 1) -> 1
(2, 2) -> 2
(2, 3) -> 2
(3, 1) -> 3
(3, 2) -> 2
(3, 3) -> 2
.  1 2 3
 +------
1| 1 1 1
2| 1 2 2
3| 3 2 2

Бінарна дія і таблиця Келі 132:
(1, 1) -> 1
(1, 2) -> 1
(1, 3) -> 1
(2, 1) -> 1
(2, 2) -> 2
(2, 3) -> 2
(3, 1) -> 3
(3, 2) -> 2
(3, 3) -> 3
.  1 2 3
 +------
1| 1 1 1
2| 1 2 2
3| 3 2 3

Бінарна дія і таблиця Келі 133:
(1, 1) -> 1
(1, 2) -> 1
(1, 3) -> 1
(2, 1) -> 1
(2, 2) -> 2
(2, 3) -> 2
(3, 1) -> 3
(3, 2) -> 3
(3, 3) -> 1
.  1 2 3
 +------
1| 1 1 1
2| 1 2 2
3| 3 3 1

Бінарна дія і таблиця Келі 134:
(1, 1) -> 1
(1, 2) -> 1
(1, 3) -> 1
(2, 1) -> 1
(2, 2) -> 2
(2, 3) -> 2
(3, 1) -> 3
(3, 2) -> 3
(3, 3) -> 2
.  1 2 3
 +------
1| 1 1 1
2| 1 2 2
3| 3 3 2

Бінарна дія і таблиця Келі 135:
(1, 1) -> 1
(1, 2) -> 1
(1, 3) -> 1
(2, 1) -> 1
(2, 2) -> 2
(2, 3) -> 2
(3, 1) -> 3
(3, 2) -> 3
(3, 3) -> 3
.  1 2 3
 +------
1| 1 1 1
2| 1 2 2
3| 3 3 3

Бінарна дія і таблиця Келі 136:
(1, 1) -> 1
(1, 2) -> 1
(1, 3) -> 1
(2, 1) -> 1
(2, 2) -> 2
(2, 3) -> 3
(3, 1) -> 1
(3, 2) -> 1
(3, 3) -> 1
.  1 2 3
 +------
1| 1 1 1
2| 1 2 3
3| 1 1 1

Бінарна дія і таблиця Келі 137:
(1, 1) -> 1
(1, 2) -> 1
(1, 3) -> 1
(2, 1) -> 1
(2, 2) -> 2
(2, 3) -> 3
(3, 1) -> 1
(3, 2) -> 1
(3, 3) -> 2
.  1 2 3
 +------
1| 1 1 1
2| 1 2 3
3| 1 1 2

Бінарна дія і таблиця Келі 138:
(1, 1) -> 1
(1, 2) -> 1
(1, 3) -> 1
(2, 1) -> 1
(2, 2) -> 2
(2, 3) -> 3
(3, 1) -> 1
(3, 2) -> 1
(3, 3) -> 3
.  1 2 3
 +------
1| 1 1 1
2| 1 2 3
3| 1 1 3

Бінарна дія і таблиця Келі 139:
(1, 1) -> 1
(1, 2) -> 1
(1, 3) -> 1
(2, 1) -> 1
(2, 2) -> 2
(2, 3) -> 3
(3, 1) -> 1
(3, 2) -> 2
(3, 3) -> 1
.  1 2 3
 +------
1| 1 1 1
2| 1 2 3
3| 1 2 1

Бінарна дія і таблиця Келі 140:
(1, 1) -> 1
(1, 2) -> 1
(1, 3) -> 1
(2, 1) -> 1
(2, 2) -> 2
(2, 3) -> 3
(3, 1) -> 1
(3, 2) -> 2
(3, 3) -> 2
.  1 2 3
 +------
1| 1 1 1
2| 1 2 3
3| 1 2 2

Бінарна дія і таблиця Келі 141:
(1, 1) -> 1
(1, 2) -> 1
(1, 3) -> 1
(2, 1) -> 1
(2, 2) -> 2
(2, 3) -> 3
(3, 1) -> 1
(3, 2) -> 2
(3, 3) -> 3
.  1 2 3
 +------
1| 1 1 1
2| 1 2 3
3| 1 2 3

Бінарна дія і таблиця Келі 142:
(1, 1) -> 1
(1, 2) -> 1
(1, 3) -> 1
(2, 1) -> 1
(2, 2) -> 2
(2, 3) -> 3
(3, 1) -> 1
(3, 2) -> 3
(3, 3) -> 1
.  1 2 3
 +------
1| 1 1 1
2| 1 2 3
3| 1 3 1

Бінарна дія і таблиця Келі 143:
(1, 1) -> 1
(1, 2) -> 1
(1, 3) -> 1
(2, 1) -> 1
(2, 2) -> 2
(2, 3) -> 3
(3, 1) -> 1
(3, 2) -> 3
(3, 3) -> 2
.  1 2 3
 +------
1| 1 1 1
2| 1 2 3
3| 1 3 2

Бінарна дія і таблиця Келі 144:
(1, 1) -> 1
(1, 2) -> 1
(1, 3) -> 1
(2, 1) -> 1
(2, 2) -> 2
(2, 3) -> 3
(3, 1) -> 1
(3, 2) -> 3
(3, 3) -> 3
.  1 2 3
 +------
1| 1 1 1
2| 1 2 3
3| 1 3 3

Бінарна дія і таблиця Келі 145:
(1, 1) -> 1
(1, 2) -> 1
(1, 3) -> 1
(2, 1) -> 1
(2, 2) -> 2
(2, 3) -> 3
(3, 1) -> 2
(3, 2) -> 1
(3, 3) -> 1
.  1 2 3
 +------
1| 1 1 1
2| 1 2 3
3| 2 1 1

Бінарна дія і таблиця Келі 146:
(1, 1) -> 1
(1, 2) -> 1
(1, 3) -> 1
(2, 1) -> 1
(2, 2) -> 2
(2, 3) -> 3
(3, 1) -> 2
(3, 2) -> 1
(3, 3) -> 2
.  1 2 3
 +------
1| 1 1 1
2| 1 2 3
3| 2 1 2

Бінарна дія і таблиця Келі 147:
(1, 1) -> 1
(1, 2) -> 1
(1, 3) -> 1
(2, 1) -> 1
(2, 2) -> 2
(2, 3) -> 3
(3, 1) -> 2
(3, 2) -> 1
(3, 3) -> 3
.  1 2 3
 +------
1| 1 1 1
2| 1 2 3
3| 2 1 3

Бінарна дія і таблиця Келі 148:
(1, 1) -> 1
(1, 2) -> 1
(1, 3) -> 1
(2, 1) -> 1
(2, 2) -> 2
(2, 3) -> 3
(3, 1) -> 2
(3, 2) -> 2
(3, 3) -> 1
.  1 2 3
 +------
1| 1 1 1
2| 1 2 3
3| 2 2 1

Бінарна дія і таблиця Келі 149:
(1, 1) -> 1
(1, 2) -> 1
(1, 3) -> 1
(2, 1) -> 1
(2, 2) -> 2
(2, 3) -> 3
(3, 1) -> 2
(3, 2) -> 2
(3, 3) -> 2
.  1 2 3
 +------
1| 1 1 1
2| 1 2 3
3| 2 2 2

Бінарна дія і таблиця Келі 150:
(1, 1) -> 1
(1, 2) -> 1
(1, 3) -> 1
(2, 1) -> 1
(2, 2) -> 2
(2, 3) -> 3
(3, 1) -> 2
(3, 2) -> 2
(3, 3) -> 3
.  1 2 3
 +------
1| 1 1 1
2| 1 2 3
3| 2 2 3

Бінарна дія і таблиця Келі 151:
(1, 1) -> 1
(1, 2) -> 1
(1, 3) -> 1
(2, 1) -> 1
(2, 2) -> 2
(2, 3) -> 3
(3, 1) -> 2
(3, 2) -> 3
(3, 3) -> 1
.  1 2 3
 +------
1| 1 1 1
2| 1 2 3
3| 2 3 1

Бінарна дія і таблиця Келі 152:
(1, 1) -> 1
(1, 2) -> 1
(1, 3) -> 1
(2, 1) -> 1
(2, 2) -> 2
(2, 3) -> 3
(3, 1) -> 2
(3, 2) -> 3
(3, 3) -> 2
.  1 2 3
 +------
1| 1 1 1
2| 1 2 3
3| 2 3 2

Бінарна дія і таблиця Келі 153:
(1, 1) -> 1
(1, 2) -> 1
(1, 3) -> 1
(2, 1) -> 1
(2, 2) -> 2
(2, 3) -> 3
(3, 1) -> 2
(3, 2) -> 3
(3, 3) -> 3
.  1 2 3
 +------
1| 1 1 1
2| 1 2 3
3| 2 3 3

Бінарна дія і таблиця Келі 154:
(1, 1) -> 1
(1, 2) -> 1
(1, 3) -> 1
(2, 1) -> 1
(2, 2) -> 2
(2, 3) -> 3
(3, 1) -> 3
(3, 2) -> 1
(3, 3) -> 1
.  1 2 3
 +------
1| 1 1 1
2| 1 2 3
3| 3 1 1

Бінарна дія і таблиця Келі 155:
(1, 1) -> 1
(1, 2) -> 1
(1, 3) -> 1
(2, 1) -> 1
(2, 2) -> 2
(2, 3) -> 3
(3, 1) -> 3
(3, 2) -> 1
(3, 3) -> 2
.  1 2 3
 +------
1| 1 1 1
2| 1 2 3
3| 3 1 2

Бінарна дія і таблиця Келі 156:
(1, 1) -> 1
(1, 2) -> 1
(1, 3) -> 1
(2, 1) -> 1
(2, 2) -> 2
(2, 3) -> 3
(3, 1) -> 3
(3, 2) -> 1
(3, 3) -> 3
.  1 2 3
 +------
1| 1 1 1
2| 1 2 3
3| 3 1 3

Бінарна дія і таблиця Келі 157:
(1, 1) -> 1
(1, 2) -> 1
(1, 3) -> 1
(2, 1) -> 1
(2, 2) -> 2
(2, 3) -> 3
(3, 1) -> 3
(3, 2) -> 2
(3, 3) -> 1
.  1 2 3
 +------
1| 1 1 1
2| 1 2 3
3| 3 2 1

Бінарна дія і таблиця Келі 158:
(1, 1) -> 1
(1, 2) -> 1
(1, 3) -> 1
(2, 1) -> 1
(2, 2) -> 2
(2, 3) -> 3
(3, 1) -> 3
(3, 2) -> 2
(3, 3) -> 2
.  1 2 3
 +------
1| 1 1 1
2| 1 2 3
3| 3 2 2

Бінарна дія і таблиця Келі 159:
(1, 1) -> 1
(1, 2) -> 1
(1, 3) -> 1
(2, 1) -> 1
(2, 2) -> 2
(2, 3) -> 3
(3, 1) -> 3
(3, 2) -> 2
(3, 3) -> 3
.  1 2 3
 +------
1| 1 1 1
2| 1 2 3
3| 3 2 3

Бінарна дія і таблиця Келі 160:
(1, 1) -> 1
(1, 2) -> 1
(1, 3) -> 1
(2, 1) -> 1
(2, 2) -> 2
(2, 3) -> 3
(3, 1) -> 3
(3, 2) -> 3
(3, 3) -> 1
.  1 2 3
 +------
1| 1 1 1
2| 1 2 3
3| 3 3 1

Бінарна дія і таблиця Келі 161:
(1, 1) -> 1
(1, 2) -> 1
(1, 3) -> 1
(2, 1) -> 1
(2, 2) -> 2
(2, 3) -> 3
(3, 1) -> 3
(3, 2) -> 3
(3, 3) -> 2
.  1 2 3
 +------
1| 1 1 1
2| 1 2 3
3| 3 3 2

Бінарна дія і таблиця Келі 162:
(1, 1) -> 1
(1, 2) -> 1
(1, 3) -> 1
(2, 1) -> 1
(2, 2) -> 2
(2, 3) -> 3
(3, 1) -> 3
(3, 2) -> 3
(3, 3) -> 3
.  1 2 3
 +------
1| 1 1 1
2| 1 2 3
3| 3 3 3

Бінарна дія і таблиця Келі 163:
(1, 1) -> 1
(1, 2) -> 1
(1, 3) -> 1
(2, 1) -> 1
(2, 2) -> 3
(2, 3) -> 1
(3, 1) -> 1
(3, 2) -> 1
(3, 3) -> 1
.  1 2 3
 +------
1| 1 1 1
2| 1 3 1
3| 1 1 1

Бінарна дія і таблиця Келі 164:
(1, 1) -> 1
(1, 2) -> 1
(1, 3) -> 1
(2, 1) -> 1
(2, 2) -> 3
(2, 3) -> 1
(3, 1) -> 1
(3, 2) -> 1
(3, 3) -> 2
.  1 2 3
 +------
1| 1 1 1
2| 1 3 1
3| 1 1 2

Бінарна дія і таблиця Келі 165:
(1, 1) -> 1
(1, 2) -> 1
(1, 3) -> 1
(2, 1) -> 1
(2, 2) -> 3
(2, 3) -> 1
(3, 1) -> 1
(3, 2) -> 1
(3, 3) -> 3
.  1 2 3
 +------
1| 1 1 1
2| 1 3 1
3| 1 1 3

Бінарна дія і таблиця Келі 166:
(1, 1) -> 1
(1, 2) -> 1
(1, 3) -> 1
(2, 1) -> 1
(2, 2) -> 3
(2, 3) -> 1
(3, 1) -> 1
(3, 2) -> 2
(3, 3) -> 1
.  1 2 3
 +------
1| 1 1 1
2| 1 3 1
3| 1 2 1

Бінарна дія і таблиця Келі 167:
(1, 1) -> 1
(1, 2) -> 1
(1, 3) -> 1
(2, 1) -> 1
(2, 2) -> 3
(2, 3) -> 1
(3, 1) -> 1
(3, 2) -> 2
(3, 3) -> 2
.  1 2 3
 +------
1| 1 1 1
2| 1 3 1
3| 1 2 2

Бінарна дія і таблиця Келі 168:
(1, 1) -> 1
(1, 2) -> 1
(1, 3) -> 1
(2, 1) -> 1
(2, 2) -> 3
(2, 3) -> 1
(3, 1) -> 1
(3, 2) -> 2
(3, 3) -> 3
.  1 2 3
 +------
1| 1 1 1
2| 1 3 1
3| 1 2 3

Бінарна дія і таблиця Келі 169:
(1, 1) -> 1
(1, 2) -> 1
(1, 3) -> 1
(2, 1) -> 1
(2, 2) -> 3
(2, 3) -> 1
(3, 1) -> 1
(3, 2) -> 3
(3, 3) -> 1
.  1 2 3
 +------
1| 1 1 1
2| 1 3 1
3| 1 3 1

Бінарна дія і таблиця Келі 170:
(1, 1) -> 1
(1, 2) -> 1
(1, 3) -> 1
(2, 1) -> 1
(2, 2) -> 3
(2, 3) -> 1
(3, 1) -> 1
(3, 2) -> 3
(3, 3) -> 2
.  1 2 3
 +------
1| 1 1 1
2| 1 3 1
3| 1 3 2

Бінарна дія і таблиця Келі 171:
(1, 1) -> 1
(1, 2) -> 1
(1, 3) -> 1
(2, 1) -> 1
(2, 2) -> 3
(2, 3) -> 1
(3, 1) -> 1
(3, 2) -> 3
(3, 3) -> 3
.  1 2 3
 +------
1| 1 1 1
2| 1 3 1
3| 1 3 3

Бінарна дія і таблиця Келі 172:
(1, 1) -> 1
(1, 2) -> 1
(1, 3) -> 1
(2, 1) -> 1
(2, 2) -> 3
(2, 3) -> 1
(3, 1) -> 2
(3, 2) -> 1
(3, 3) -> 1
.  1 2 3
 +------
1| 1 1 1
2| 1 3 1
3| 2 1 1

Бінарна дія і таблиця Келі 173:
(1, 1) -> 1
(1, 2) -> 1
(1, 3) -> 1
(2, 1) -> 1
(2, 2) -> 3
(2, 3) -> 1
(3, 1) -> 2
(3, 2) -> 1
(3, 3) -> 2
.  1 2 3
 +------
1| 1 1 1
2| 1 3 1
3| 2 1 2

Бінарна дія і таблиця Келі 174:
(1, 1) -> 1
(1, 2) -> 1
(1, 3) -> 1
(2, 1) -> 1
(2, 2) -> 3
(2, 3) -> 1
(3, 1) -> 2
(3, 2) -> 1
(3, 3) -> 3
.  1 2 3
 +------
1| 1 1 1
2| 1 3 1
3| 2 1 3

Бінарна дія і таблиця Келі 175:
(1, 1) -> 1
(1, 2) -> 1
(1, 3) -> 1
(2, 1) -> 1
(2, 2) -> 3
(2, 3) -> 1
(3, 1) -> 2
(3, 2) -> 2
(3, 3) -> 1
.  1 2 3
 +------
1| 1 1 1
2| 1 3 1
3| 2 2 1

Бінарна дія і таблиця Келі 176:
(1, 1) -> 1
(1, 2) -> 1
(1, 3) -> 1
(2, 1) -> 1
(2, 2) -> 3
(2, 3) -> 1
(3, 1) -> 2
(3, 2) -> 2
(3, 3) -> 2
.  1 2 3
 +------
1| 1 1 1
2| 1 3 1
3| 2 2 2

Бінарна дія і таблиця Келі 177:
(1, 1) -> 1
(1, 2) -> 1
(1, 3) -> 1
(2, 1) -> 1
(2, 2) -> 3
(2, 3) -> 1
(3, 1) -> 2
(3, 2) -> 2
(3, 3) -> 3
.  1 2 3
 +------
1| 1 1 1
2| 1 3 1
3| 2 2 3

Бінарна дія і таблиця Келі 178:
(1, 1) -> 1
(1, 2) -> 1
(1, 3) -> 1
(2, 1) -> 1
(2, 2) -> 3
(2, 3) -> 1
(3, 1) -> 2
(3, 2) -> 3
(3, 3) -> 1
.  1 2 3
 +------
1| 1 1 1
2| 1 3 1
3| 2 3 1

Бінарна дія і таблиця Келі 179:
(1, 1) -> 1
(1, 2) -> 1
(1, 3) -> 1
(2, 1) -> 1
(2, 2) -> 3
(2, 3) -> 1
(3, 1) -> 2
(3, 2) -> 3
(3, 3) -> 2
.  1 2 3
 +------
1| 1 1 1
2| 1 3 1
3| 2 3 2

Бінарна дія і таблиця Келі 180:
(1, 1) -> 1
(1, 2) -> 1
(1, 3) -> 1
(2, 1) -> 1
(2, 2) -> 3
(2, 3) -> 1
(3, 1) -> 2
(3, 2) -> 3
(3, 3) -> 3
.  1 2 3
 +------
1| 1 1 1
2| 1 3 1
3| 2 3 3

Бінарна дія і таблиця Келі 181:
(1, 1) -> 1
(1, 2) -> 1
(1, 3) -> 1
(2, 1) -> 1
(2, 2) -> 3
(2, 3) -> 1
(3, 1) -> 3
(3, 2) -> 1
(3, 3) -> 1
.  1 2 3
 +------
1| 1 1 1
2| 1 3 1
3| 3 1 1

Бінарна дія і таблиця Келі 182:
(1, 1) -> 1
(1, 2) -> 1
(1, 3) -> 1
(2, 1) -> 1
(2, 2) -> 3
(2, 3) -> 1
(3, 1) -> 3
(3, 2) -> 1
(3, 3) -> 2
.  1 2 3
 +------
1| 1 1 1
2| 1 3 1
3| 3 1 2

Бінарна дія і таблиця Келі 183:
(1, 1) -> 1
(1, 2) -> 1
(1, 3) -> 1
(2, 1) -> 1
(2, 2) -> 3
(2, 3) -> 1
(3, 1) -> 3
(3, 2) -> 1
(3, 3) -> 3
.  1 2 3
 +------
1| 1 1 1
2| 1 3 1
3| 3 1 3

Бінарна дія і таблиця Келі 184:
(1, 1) -> 1
(1, 2) -> 1
(1, 3) -> 1
(2, 1) -> 1
(2, 2) -> 3
(2, 3) -> 1
(3, 1) -> 3
(3, 2) -> 2
(3, 3) -> 1
.  1 2 3
 +------
1| 1 1 1
2| 1 3 1
3| 3 2 1

Бінарна дія і таблиця Келі 185:
(1, 1) -> 1
(1, 2) -> 1
(1, 3) -> 1
(2, 1) -> 1
(2, 2) -> 3
(2, 3) -> 1
(3, 1) -> 3
(3, 2) -> 2
(3, 3) -> 2
.  1 2 3
 +------
1| 1 1 1
2| 1 3 1
3| 3 2 2

Бінарна дія і таблиця Келі 186:
(1, 1) -> 1
(1, 2) -> 1
(1, 3) -> 1
(2, 1) -> 1
(2, 2) -> 3
(2, 3) -> 1
(3, 1) -> 3
(3, 2) -> 2
(3, 3) -> 3
.  1 2 3
 +------
1| 1 1 1
2| 1 3 1
3| 3 2 3

Бінарна дія і таблиця Келі 187:
(1, 1) -> 1
(1, 2) -> 1
(1, 3) -> 1
(2, 1) -> 1
(2, 2) -> 3
(2, 3) -> 1
(3, 1) -> 3
(3, 2) -> 3
(3, 3) -> 1
.  1 2 3
 +------
1| 1 1 1
2| 1 3 1
3| 3 3 1

Бінарна дія і таблиця Келі 188:
(1, 1) -> 1
(1, 2) -> 1
(1, 3) -> 1
(2, 1) -> 1
(2, 2) -> 3
(2, 3) -> 1
(3, 1) -> 3
(3, 2) -> 3
(3, 3) -> 2
.  1 2 3
 +------
1| 1 1 1
2| 1 3 1
3| 3 3 2

Бінарна дія і таблиця Келі 189:
(1, 1) -> 1
(1, 2) -> 1
(1, 3) -> 1
(2, 1) -> 1
(2, 2) -> 3
(2, 3) -> 1
(3, 1) -> 3
(3, 2) -> 3
(3, 3) -> 3
.  1 2 3
 +------
1| 1 1 1
2| 1 3 1
3| 3 3 3

Бінарна дія і таблиця Келі 190:
(1, 1) -> 1
(1, 2) -> 1
(1, 3) -> 1
(2, 1) -> 1
(2, 2) -> 3
(2, 3) -> 2
(3, 1) -> 1
(3, 2) -> 1
(3, 3) -> 1
.  1 2 3
 +------
1| 1 1 1
2| 1 3 2
3| 1 1 1

Бінарна дія і таблиця Келі 191:
(1, 1) -> 1
(1, 2) -> 1
(1, 3) -> 1
(2, 1) -> 1
(2, 2) -> 3
(2, 3) -> 2
(3, 1) -> 1
(3, 2) -> 1
(3, 3) -> 2
.  1 2 3
 +------
1| 1 1 1
2| 1 3 2
3| 1 1 2

Бінарна дія і таблиця Келі 192:
(1, 1) -> 1
(1, 2) -> 1
(1, 3) -> 1
(2, 1) -> 1
(2, 2) -> 3
(2, 3) -> 2
(3, 1) -> 1
(3, 2) -> 1
(3, 3) -> 3
.  1 2 3
 +------
1| 1 1 1
2| 1 3 2
3| 1 1 3

Бінарна дія і таблиця Келі 193:
(1, 1) -> 1
(1, 2) -> 1
(1, 3) -> 1
(2, 1) -> 1
(2, 2) -> 3
(2, 3) -> 2
(3, 1) -> 1
(3, 2) -> 2
(3, 3) -> 1
.  1 2 3
 +------
1| 1 1 1
2| 1 3 2
3| 1 2 1

Бінарна дія і таблиця Келі 194:
(1, 1) -> 1
(1, 2) -> 1
(1, 3) -> 1
(2, 1) -> 1
(2, 2) -> 3
(2, 3) -> 2
(3, 1) -> 1
(3, 2) -> 2
(3, 3) -> 2
.  1 2 3
 +------
1| 1 1 1
2| 1 3 2
3| 1 2 2

Бінарна дія і таблиця Келі 195:
(1, 1) -> 1
(1, 2) -> 1
(1, 3) -> 1
(2, 1) -> 1
(2, 2) -> 3
(2, 3) -> 2
(3, 1) -> 1
(3, 2) -> 2
(3, 3) -> 3
.  1 2 3
 +------
1| 1 1 1
2| 1 3 2
3| 1 2 3

Бінарна дія і таблиця Келі 196:
(1, 1) -> 1
(1, 2) -> 1
(1, 3) -> 1
(2, 1) -> 1
(2, 2) -> 3
(2, 3) -> 2
(3, 1) -> 1
(3, 2) -> 3
(3, 3) -> 1
.  1 2 3
 +------
1| 1 1 1
2| 1 3 2
3| 1 3 1

Бінарна дія і таблиця Келі 197:
(1, 1) -> 1
(1, 2) -> 1
(1, 3) -> 1
(2, 1) -> 1
(2, 2) -> 3
(2, 3) -> 2
(3, 1) -> 1
(3, 2) -> 3
(3, 3) -> 2
.  1 2 3
 +------
1| 1 1 1
2| 1 3 2
3| 1 3 2

Бінарна дія і таблиця Келі 198:
(1, 1) -> 1
(1, 2) -> 1
(1, 3) -> 1
(2, 1) -> 1
(2, 2) -> 3
(2, 3) -> 2
(3, 1) -> 1
(3, 2) -> 3
(3, 3) -> 3
.  1 2 3
 +------
1| 1 1 1
2| 1 3 2
3| 1 3 3

Бінарна дія і таблиця Келі 199:
(1, 1) -> 1
(1, 2) -> 1
(1, 3) -> 1
(2, 1) -> 1
(2, 2) -> 3
(2, 3) -> 2
(3, 1) -> 2
(3, 2) -> 1
(3, 3) -> 1
.  1 2 3
 +------
1| 1 1 1
2| 1 3 2
3| 2 1 1

Бінарна дія і таблиця Келі 200:
(1, 1) -> 1
(1, 2) -> 1
(1, 3) -> 1
(2, 1) -> 1
(2, 2) -> 3
(2, 3) -> 2
(3, 1) -> 2
(3, 2) -> 1
(3, 3) -> 2
.  1 2 3
 +------
1| 1 1 1
2| 1 3 2
3| 2 1 2

Бінарна дія і таблиця Келі 201:
(1, 1) -> 1
(1, 2) -> 1
(1, 3) -> 1
(2, 1) -> 1
(2, 2) -> 3
(2, 3) -> 2
(3, 1) -> 2
(3, 2) -> 1
(3, 3) -> 3
.  1 2 3
 +------
1| 1 1 1
2| 1 3 2
3| 2 1 3

Бінарна дія і таблиця Келі 202:
(1, 1) -> 1
(1, 2) -> 1
(1, 3) -> 1
(2, 1) -> 1
(2, 2) -> 3
(2, 3) -> 2
(3, 1) -> 2
(3, 2) -> 2
(3, 3) -> 1
.  1 2 3
 +------
1| 1 1 1
2| 1 3 2
3| 2 2 1

Бінарна дія і таблиця Келі 203:
(1, 1) -> 1
(1, 2) -> 1
(1, 3) -> 1
(2, 1) -> 1
(2, 2) -> 3
(2, 3) -> 2
(3, 1) -> 2
(3, 2) -> 2
(3, 3) -> 2
.  1 2 3
 +------
1| 1 1 1
2| 1 3 2
3| 2 2 2

Бінарна дія і таблиця Келі 204:
(1, 1) -> 1
(1, 2) -> 1
(1, 3) -> 1
(2, 1) -> 1
(2, 2) -> 3
(2, 3) -> 2
(3, 1) -> 2
(3, 2) -> 2
(3, 3) -> 3
.  1 2 3
 +------
1| 1 1 1
2| 1 3 2
3| 2 2 3

Бінарна дія і таблиця Келі 205:
(1, 1) -> 1
(1, 2) -> 1
(1, 3) -> 1
(2, 1) -> 1
(2, 2) -> 3
(2, 3) -> 2
(3, 1) -> 2
(3, 2) -> 3
(3, 3) -> 1
.  1 2 3
 +------
1| 1 1 1
2| 1 3 2
3| 2 3 1

Бінарна дія і таблиця Келі 206:
(1, 1) -> 1
(1, 2) -> 1
(1, 3) -> 1
(2, 1) -> 1
(2, 2) -> 3
(2, 3) -> 2
(3, 1) -> 2
(3, 2) -> 3
(3, 3) -> 2
.  1 2 3
 +------
1| 1 1 1
2| 1 3 2
3| 2 3 2

Бінарна дія і таблиця Келі 207:
(1, 1) -> 1
(1, 2) -> 1
(1, 3) -> 1
(2, 1) -> 1
(2, 2) -> 3
(2, 3) -> 2
(3, 1) -> 2
(3, 2) -> 3
(3, 3) -> 3
.  1 2 3
 +------
1| 1 1 1
2| 1 3 2
3| 2 3 3

Бінарна дія і таблиця Келі 208:
(1, 1) -> 1
(1, 2) -> 1
(1, 3) -> 1
(2, 1) -> 1
(2, 2) -> 3
(2, 3) -> 2
(3, 1) -> 3
(3, 2) -> 1
(3, 3) -> 1
.  1 2 3
 +------
1| 1 1 1
2| 1 3 2
3| 3 1 1

Бінарна дія і таблиця Келі 209:
(1, 1) -> 1
(1, 2) -> 1
(1, 3) -> 1
(2, 1) -> 1
(2, 2) -> 3
(2, 3) -> 2
(3, 1) -> 3
(3, 2) -> 1
(3, 3) -> 2
.  1 2 3
 +------
1| 1 1 1
2| 1 3 2
3| 3 1 2

Бінарна дія і таблиця Келі 210:
(1, 1) -> 1
(1, 2) -> 1
(1, 3) -> 1
(2, 1) -> 1
(2, 2) -> 3
(2, 3) -> 2
(3, 1) -> 3
(3, 2) -> 1
(3, 3) -> 3
.  1 2 3
 +------
1| 1 1 1
2| 1 3 2
3| 3 1 3

Бінарна дія і таблиця Келі 211:
(1, 1) -> 1
(1, 2) -> 1
(1, 3) -> 1
(2, 1) -> 1
(2, 2) -> 3
(2, 3) -> 2
(3, 1) -> 3
(3, 2) -> 2
(3, 3) -> 1
.  1 2 3
 +------
1| 1 1 1
2| 1 3 2
3| 3 2 1

Бінарна дія і таблиця Келі 212:
(1, 1) -> 1
(1, 2) -> 1
(1, 3) -> 1
(2, 1) -> 1
(2, 2) -> 3
(2, 3) -> 2
(3, 1) -> 3
(3, 2) -> 2
(3, 3) -> 2
.  1 2 3
 +------
1| 1 1 1
2| 1 3 2
3| 3 2 2

Бінарна дія і таблиця Келі 213:
(1, 1) -> 1
(1, 2) -> 1
(1, 3) -> 1
(2, 1) -> 1
(2, 2) -> 3
(2, 3) -> 2
(3, 1) -> 3
(3, 2) -> 2
(3, 3) -> 3
.  1 2 3
 +------
1| 1 1 1
2| 1 3 2
3| 3 2 3

Бінарна дія і таблиця Келі 214:
(1, 1) -> 1
(1, 2) -> 1
(1, 3) -> 1
(2, 1) -> 1
(2, 2) -> 3
(2, 3) -> 2
(3, 1) -> 3
(3, 2) -> 3
(3, 3) -> 1
.  1 2 3
 +------
1| 1 1 1
2| 1 3 2
3| 3 3 1

Бінарна дія і таблиця Келі 215:
(1, 1) -> 1
(1, 2) -> 1
(1, 3) -> 1
(2, 1) -> 1
(2, 2) -> 3
(2, 3) -> 2
(3, 1) -> 3
(3, 2) -> 3
(3, 3) -> 2
.  1 2 3
 +------
1| 1 1 1
2| 1 3 2
3| 3 3 2

Бінарна дія і таблиця Келі 216:
(1, 1) -> 1
(1, 2) -> 1
(1, 3) -> 1
(2, 1) -> 1
(2, 2) -> 3
(2, 3) -> 2
(3, 1) -> 3
(3, 2) -> 3
(3, 3) -> 3
.  1 2 3
 +------
1| 1 1 1
2| 1 3 2
3| 3 3 3

Бінарна дія і таблиця Келі 217:
(1, 1) -> 1
(1, 2) -> 1
(1, 3) -> 1
(2, 1) -> 1
(2, 2) -> 3
(2, 3) -> 3
(3, 1) -> 1
(3, 2) -> 1
(3, 3) -> 1
.  1 2 3
 +------
1| 1 1 1
2| 1 3 3
3| 1 1 1

Бінарна дія і таблиця Келі 218:
(1, 1) -> 1
(1, 2) -> 1
(1, 3) -> 1
(2, 1) -> 1
(2, 2) -> 3
(2, 3) -> 3
(3, 1) -> 1
(3, 2) -> 1
(3, 3) -> 2
.  1 2 3
 +------
1| 1 1 1
2| 1 3 3
3| 1 1 2

Бінарна дія і таблиця Келі 219:
(1, 1) -> 1
(1, 2) -> 1
(1, 3) -> 1
(2, 1) -> 1
(2, 2) -> 3
(2, 3) -> 3
(3, 1) -> 1
(3, 2) -> 1
(3, 3) -> 3
.  1 2 3
 +------
1| 1 1 1
2| 1 3 3
3| 1 1 3

Бінарна дія і таблиця Келі 220:
(1, 1) -> 1
(1, 2) -> 1
(1, 3) -> 1
(2, 1) -> 1
(2, 2) -> 3
(2, 3) -> 3
(3, 1) -> 1
(3, 2) -> 2
(3, 3) -> 1
.  1 2 3
 +------
1| 1 1 1
2| 1 3 3
3| 1 2 1

Бінарна дія і таблиця Келі 221:
(1, 1) -> 1
(1, 2) -> 1
(1, 3) -> 1
(2, 1) -> 1
(2, 2) -> 3
(2, 3) -> 3
(3, 1) -> 1
(3, 2) -> 2
(3, 3) -> 2
.  1 2 3
 +------
1| 1 1 1
2| 1 3 3
3| 1 2 2

Бінарна дія і таблиця Келі 222:
(1, 1) -> 1
(1, 2) -> 1
(1, 3) -> 1
(2, 1) -> 1
(2, 2) -> 3
(2, 3) -> 3
(3, 1) -> 1
(3, 2) -> 2
(3, 3) -> 3
.  1 2 3
 +------
1| 1 1 1
2| 1 3 3
3| 1 2 3

Бінарна дія і таблиця Келі 223:
(1, 1) -> 1
(1, 2) -> 1
(1, 3) -> 1
(2, 1) -> 1
(2, 2) -> 3
(2, 3) -> 3
(3, 1) -> 1
(3, 2) -> 3
(3, 3) -> 1
.  1 2 3
 +------
1| 1 1 1
2| 1 3 3
3| 1 3 1

Бінарна дія і таблиця Келі 224:
(1, 1) -> 1
(1, 2) -> 1
(1, 3) -> 1
(2, 1) -> 1
(2, 2) -> 3
(2, 3) -> 3
(3, 1) -> 1
(3, 2) -> 3
(3, 3) -> 2
.  1 2 3
 +------
1| 1 1 1
2| 1 3 3
3| 1 3 2

Бінарна дія і таблиця Келі 225:
(1, 1) -> 1
(1, 2) -> 1
(1, 3) -> 1
(2, 1) -> 1
(2, 2) -> 3
(2, 3) -> 3
(3, 1) -> 1
(3, 2) -> 3
(3, 3) -> 3
.  1 2 3
 +------
1| 1 1 1
2| 1 3 3
3| 1 3 3

Бінарна дія і таблиця Келі 226:
(1, 1) -> 1
(1, 2) -> 1
(1, 3) -> 1
(2, 1) -> 1
(2, 2) -> 3
(2, 3) -> 3
(3, 1) -> 2
(3, 2) -> 1
(3, 3) -> 1
.  1 2 3
 +------
1| 1 1 1
2| 1 3 3
3| 2 1 1

Бінарна дія і таблиця Келі 227:
(1, 1) -> 1
(1, 2) -> 1
(1, 3) -> 1
(2, 1) -> 1
(2, 2) -> 3
(2, 3) -> 3
(3, 1) -> 2
(3, 2) -> 1
(3, 3) -> 2
.  1 2 3
 +------
1| 1 1 1
2| 1 3 3
3| 2 1 2

Бінарна дія і таблиця Келі 228:
(1, 1) -> 1
(1, 2) -> 1
(1, 3) -> 1
(2, 1) -> 1
(2, 2) -> 3
(2, 3) -> 3
(3, 1) -> 2
(3, 2) -> 1
(3, 3) -> 3
.  1 2 3
 +------
1| 1 1 1
2| 1 3 3
3| 2 1 3

Бінарна дія і таблиця Келі 229:
(1, 1) -> 1
(1, 2) -> 1
(1, 3) -> 1
(2, 1) -> 1
(2, 2) -> 3
(2, 3) -> 3
(3, 1) -> 2
(3, 2) -> 2
(3, 3) -> 1
.  1 2 3
 +------
1| 1 1 1
2| 1 3 3
3| 2 2 1

Бінарна дія і таблиця Келі 230:
(1, 1) -> 1
(1, 2) -> 1
(1, 3) -> 1
(2, 1) -> 1
(2, 2) -> 3
(2, 3) -> 3
(3, 1) -> 2
(3, 2) -> 2
(3, 3) -> 2
.  1 2 3
 +------
1| 1 1 1
2| 1 3 3
3| 2 2 2

Бінарна дія і таблиця Келі 231:
(1, 1) -> 1
(1, 2) -> 1
(1, 3) -> 1
(2, 1) -> 1
(2, 2) -> 3
(2, 3) -> 3
(3, 1) -> 2
(3, 2) -> 2
(3, 3) -> 3
.  1 2 3
 +------
1| 1 1 1
2| 1 3 3
3| 2 2 3

Бінарна дія і таблиця Келі 232:
(1, 1) -> 1
(1, 2) -> 1
(1, 3) -> 1
(2, 1) -> 1
(2, 2) -> 3
(2, 3) -> 3
(3, 1) -> 2
(3, 2) -> 3
(3, 3) -> 1
.  1 2 3
 +------
1| 1 1 1
2| 1 3 3
3| 2 3 1

Бінарна дія і таблиця Келі 233:
(1, 1) -> 1
(1, 2) -> 1
(1, 3) -> 1
(2, 1) -> 1
(2, 2) -> 3
(2, 3) -> 3
(3, 1) -> 2
(3, 2) -> 3
(3, 3) -> 2
.  1 2 3
 +------
1| 1 1 1
2| 1 3 3
3| 2 3 2

Бінарна дія і таблиця Келі 234:
(1, 1) -> 1
(1, 2) -> 1
(1, 3) -> 1
(2, 1) -> 1
(2, 2) -> 3
(2, 3) -> 3
(3, 1) -> 2
(3, 2) -> 3
(3, 3) -> 3
.  1 2 3
 +------
1| 1 1 1
2| 1 3 3
3| 2 3 3

Бінарна дія і таблиця Келі 235:
(1, 1) -> 1
(1, 2) -> 1
(1, 3) -> 1
(2, 1) -> 1
(2, 2) -> 3
(2, 3) -> 3
(3, 1) -> 3
(3, 2) -> 1
(3, 3) -> 1
.  1 2 3
 +------
1| 1 1 1
2| 1 3 3
3| 3 1 1

Бінарна дія і таблиця Келі 236:
(1, 1) -> 1
(1, 2) -> 1
(1, 3) -> 1
(2, 1) -> 1
(2, 2) -> 3
(2, 3) -> 3
(3, 1) -> 3
(3, 2) -> 1
(3, 3) -> 2
.  1 2 3
 +------
1| 1 1 1
2| 1 3 3
3| 3 1 2

Бінарна дія і таблиця Келі 237:
(1, 1) -> 1
(1, 2) -> 1
(1, 3) -> 1
(2, 1) -> 1
(2, 2) -> 3
(2, 3) -> 3
(3, 1) -> 3
(3, 2) -> 1
(3, 3) -> 3
.  1 2 3
 +------
1| 1 1 1
2| 1 3 3
3| 3 1 3

Бінарна дія і таблиця Келі 238:
(1, 1) -> 1
(1, 2) -> 1
(1, 3) -> 1
(2, 1) -> 1
(2, 2) -> 3
(2, 3) -> 3
(3, 1) -> 3
(3, 2) -> 2
(3, 3) -> 1
.  1 2 3
 +------
1| 1 1 1
2| 1 3 3
3| 3 2 1

Бінарна дія і таблиця Келі 239:
(1, 1) -> 1
(1, 2) -> 1
(1, 3) -> 1
(2, 1) -> 1
(2, 2) -> 3
(2, 3) -> 3
(3, 1) -> 3
(3, 2) -> 2
(3, 3) -> 2
.  1 2 3
 +------
1| 1 1 1
2| 1 3 3
3| 3 2 2

Бінарна дія і таблиця Келі 240:
(1, 1) -> 1
(1, 2) -> 1
(1, 3) -> 1
(2, 1) -> 1
(2, 2) -> 3
(2, 3) -> 3
(3, 1) -> 3
(3, 2) -> 2
(3, 3) -> 3
.  1 2 3
 +------
1| 1 1 1
2| 1 3 3
3| 3 2 3

Бінарна дія і таблиця Келі 241:
(1, 1) -> 1
(1, 2) -> 1
(1, 3) -> 1
(2, 1) -> 1
(2, 2) -> 3
(2, 3) -> 3
(3, 1) -> 3
(3, 2) -> 3
(3, 3) -> 1
.  1 2 3
 +------
1| 1 1 1
2| 1 3 3
3| 3 3 1

Бінарна дія і таблиця Келі 242:
(1, 1) -> 1
(1, 2) -> 1
(1, 3) -> 1
(2, 1) -> 1
(2, 2) -> 3
(2, 3) -> 3
(3, 1) -> 3
(3, 2) -> 3
(3, 3) -> 2
.  1 2 3
 +------
1| 1 1 1
2| 1 3 3
3| 3 3 2

Бінарна дія і таблиця Келі 243:
(1, 1) -> 1
(1, 2) -> 1
(1, 3) -> 1
(2, 1) -> 1
(2, 2) -> 3
(2, 3) -> 3
(3, 1) -> 3
(3, 2) -> 3
(3, 3) -> 3
.  1 2 3
 +------
1| 1 1 1
2| 1 3 3
3| 3 3 3

Бінарна дія і таблиця Келі 244:
(1, 1) -> 1
(1, 2) -> 1
(1, 3) -> 1
(2, 1) -> 2
(2, 2) -> 1
(2, 3) -> 1
(3, 1) -> 1
(3, 2) -> 1
(3, 3) -> 1
.  1 2 3
 +------
1| 1 1 1
2| 2 1 1
3| 1 1 1

Бінарна дія і таблиця Келі 245:
(1, 1) -> 1
(1, 2) -> 1
(1, 3) -> 1
(2, 1) -> 2
(2, 2) -> 1
(2, 3) -> 1
(3, 1) -> 1
(3, 2) -> 1
(3, 3) -> 2
.  1 2 3
 +------
1| 1 1 1
2| 2 1 1
3| 1 1 2

Бінарна дія і таблиця Келі 246:
(1, 1) -> 1
(1, 2) -> 1
(1, 3) -> 1
(2, 1) -> 2
(2, 2) -> 1
(2, 3) -> 1
(3, 1) -> 1
(3, 2) -> 1
(3, 3) -> 3
.  1 2 3
 +------
1| 1 1 1
2| 2 1 1
3| 1 1 3

Бінарна дія і таблиця Келі 247:
(1, 1) -> 1
(1, 2) -> 1
(1, 3) -> 1
(2, 1) -> 2
(2, 2) -> 1
(2, 3) -> 1
(3, 1) -> 1
(3, 2) -> 2
(3, 3) -> 1
.  1 2 3
 +------
1| 1 1 1
2| 2 1 1
3| 1 2 1

Бінарна дія і таблиця Келі 248:
(1, 1) -> 1
(1, 2) -> 1
(1, 3) -> 1
(2, 1) -> 2
(2, 2) -> 1
(2, 3) -> 1
(3, 1) -> 1
(3, 2) -> 2
(3, 3) -> 2
.  1 2 3
 +------
1| 1 1 1
2| 2 1 1
3| 1 2 2

Бінарна дія і таблиця Келі 249:
(1, 1) -> 1
(1, 2) -> 1
(1, 3) -> 1
(2, 1) -> 2
(2, 2) -> 1
(2, 3) -> 1
(3, 1) -> 1
(3, 2) -> 2
(3, 3) -> 3
.  1 2 3
 +------
1| 1 1 1
2| 2 1 1
3| 1 2 3

Бінарна дія і таблиця Келі 250:
(1, 1) -> 1
(1, 2) -> 1
(1, 3) -> 1
(2, 1) -> 2
(2, 2) -> 1
(2, 3) -> 1
(3, 1) -> 1
(3, 2) -> 3
(3, 3) -> 1
.  1 2 3
 +------
1| 1 1 1
2| 2 1 1
3| 1 3 1

Бінарна дія і таблиця Келі 251:
(1, 1) -> 1
(1, 2) -> 1
(1, 3) -> 1
(2, 1) -> 2
(2, 2) -> 1
(2, 3) -> 1
(3, 1) -> 1
(3, 2) -> 3
(3, 3) -> 2
.  1 2 3
 +------
1| 1 1 1
2| 2 1 1
3| 1 3 2

Бінарна дія і таблиця Келі 252:
(1, 1) -> 1
(1, 2) -> 1
(1, 3) -> 1
(2, 1) -> 2
(2, 2) -> 1
(2, 3) -> 1
(3, 1) -> 1
(3, 2) -> 3
(3, 3) -> 3
.  1 2 3
 +------
1| 1 1 1
2| 2 1 1
3| 1 3 3

Бінарна дія і таблиця Келі 253:
(1, 1) -> 1
(1, 2) -> 1
(1, 3) -> 1
(2, 1) -> 2
(2, 2) -> 1
(2, 3) -> 1
(3, 1) -> 2
(3, 2) -> 1
(3, 3) -> 1
.  1 2 3
 +------
1| 1 1 1
2| 2 1 1
3| 2 1 1

Бінарна дія і таблиця Келі 254:
(1, 1) -> 1
(1, 2) -> 1
(1, 3) -> 1
(2, 1) -> 2
(2, 2) -> 1
(2, 3) -> 1
(3, 1) -> 2
(3, 2) -> 1
(3, 3) -> 2
.  1 2 3
 +------
1| 1 1 1
2| 2 1 1
3| 2 1 2

Бінарна дія і таблиця Келі 255:
(1, 1) -> 1
(1, 2) -> 1
(1, 3) -> 1
(2, 1) -> 2
(2, 2) -> 1
(2, 3) -> 1
(3, 1) -> 2
(3, 2) -> 1
(3, 3) -> 3
.  1 2 3
 +------
1| 1 1 1
2| 2 1 1
3| 2 1 3

Бінарна дія і таблиця Келі 256:
(1, 1) -> 1
(1, 2) -> 1
(1, 3) -> 1
(2, 1) -> 2
(2, 2) -> 1
(2, 3) -> 1
(3, 1) -> 2
(3, 2) -> 2
(3, 3) -> 1
.  1 2 3
 +------
1| 1 1 1
2| 2 1 1
3| 2 2 1

Бінарна дія і таблиця Келі 257:
(1, 1) -> 1
(1, 2) -> 1
(1, 3) -> 1
(2, 1) -> 2
(2, 2) -> 1
(2, 3) -> 1
(3, 1) -> 2
(3, 2) -> 2
(3, 3) -> 2
.  1 2 3
 +------
1| 1 1 1
2| 2 1 1
3| 2 2 2

Бінарна дія і таблиця Келі 258:
(1, 1) -> 1
(1, 2) -> 1
(1, 3) -> 1
(2, 1) -> 2
(2, 2) -> 1
(2, 3) -> 1
(3, 1) -> 2
(3, 2) -> 2
(3, 3) -> 3
.  1 2 3
 +------
1| 1 1 1
2| 2 1 1
3| 2 2 3

Бінарна дія і таблиця Келі 259:
(1, 1) -> 1
(1, 2) -> 1
(1, 3) -> 1
(2, 1) -> 2
(2, 2) -> 1
(2, 3) -> 1
(3, 1) -> 2
(3, 2) -> 3
(3, 3) -> 1
.  1 2 3
 +------
1| 1 1 1
2| 2 1 1
3| 2 3 1

Бінарна дія і таблиця Келі 260:
(1, 1) -> 1
(1, 2) -> 1
(1, 3) -> 1
(2, 1) -> 2
(2, 2) -> 1
(2, 3) -> 1
(3, 1) -> 2
(3, 2) -> 3
(3, 3) -> 2
.  1 2 3
 +------
1| 1 1 1
2| 2 1 1
3| 2 3 2

Бінарна дія і таблиця Келі 261:
(1, 1) -> 1
(1, 2) -> 1
(1, 3) -> 1
(2, 1) -> 2
(2, 2) -> 1
(2, 3) -> 1
(3, 1) -> 2
(3, 2) -> 3
(3, 3) -> 3
.  1 2 3
 +------
1| 1 1 1
2| 2 1 1
3| 2 3 3

Бінарна дія і таблиця Келі 262:
(1, 1) -> 1
(1, 2) -> 1
(1, 3) -> 1
(2, 1) -> 2
(2, 2) -> 1
(2, 3) -> 1
(3, 1) -> 3
(3, 2) -> 1
(3, 3) -> 1
.  1 2 3
 +------
1| 1 1 1
2| 2 1 1
3| 3 1 1

Бінарна дія і таблиця Келі 263:
(1, 1) -> 1
(1, 2) -> 1
(1, 3) -> 1
(2, 1) -> 2
(2, 2) -> 1
(2, 3) -> 1
(3, 1) -> 3
(3, 2) -> 1
(3, 3) -> 2
.  1 2 3
 +------
1| 1 1 1
2| 2 1 1
3| 3 1 2

Бінарна дія і таблиця Келі 264:
(1, 1) -> 1
(1, 2) -> 1
(1, 3) -> 1
(2, 1) -> 2
(2, 2) -> 1
(2, 3) -> 1
(3, 1) -> 3
(3, 2) -> 1
(3, 3) -> 3
.  1 2 3
 +------
1| 1 1 1
2| 2 1 1
3| 3 1 3

Бінарна дія і таблиця Келі 265:
(1, 1) -> 1
(1, 2) -> 1
(1, 3) -> 1
(2, 1) -> 2
(2, 2) -> 1
(2, 3) -> 1
(3, 1) -> 3
(3, 2) -> 2
(3, 3) -> 1
.  1 2 3
 +------
1| 1 1 1
2| 2 1 1
3| 3 2 1

Бінарна дія і таблиця Келі 266:
(1, 1) -> 1
(1, 2) -> 1
(1, 3) -> 1
(2, 1) -> 2
(2, 2) -> 1
(2, 3) -> 1
(3, 1) -> 3
(3, 2) -> 2
(3, 3) -> 2
.  1 2 3
 +------
1| 1 1 1
2| 2 1 1
3| 3 2 2

Бінарна дія і таблиця Келі 267:
(1, 1) -> 1
(1, 2) -> 1
(1, 3) -> 1
(2, 1) -> 2
(2, 2) -> 1
(2, 3) -> 1
(3, 1) -> 3
(3, 2) -> 2
(3, 3) -> 3
.  1 2 3
 +------
1| 1 1 1
2| 2 1 1
3| 3 2 3

Бінарна дія і таблиця Келі 268:
(1, 1) -> 1
(1, 2) -> 1
(1, 3) -> 1
(2, 1) -> 2
(2, 2) -> 1
(2, 3) -> 1
(3, 1) -> 3
(3, 2) -> 3
(3, 3) -> 1
.  1 2 3
 +------
1| 1 1 1
2| 2 1 1
3| 3 3 1

Бінарна дія і таблиця Келі 269:
(1, 1) -> 1
(1, 2) -> 1
(1, 3) -> 1
(2, 1) -> 2
(2, 2) -> 1
(2, 3) -> 1
(3, 1) -> 3
(3, 2) -> 3
(3, 3) -> 2
.  1 2 3
 +------
1| 1 1 1
2| 2 1 1
3| 3 3 2

Бінарна дія і таблиця Келі 270:
(1, 1) -> 1
(1, 2) -> 1
(1, 3) -> 1
(2, 1) -> 2
(2, 2) -> 1
(2, 3) -> 1
(3, 1) -> 3
(3, 2) -> 3
(3, 3) -> 3
.  1 2 3
 +------
1| 1 1 1
2| 2 1 1
3| 3 3 3

Бінарна дія і таблиця Келі 271:
(1, 1) -> 1
(1, 2) -> 1
(1, 3) -> 1
(2, 1) -> 2
(2, 2) -> 1
(2, 3) -> 2
(3, 1) -> 1
(3, 2) -> 1
(3, 3) -> 1
.  1 2 3
 +------
1| 1 1 1
2| 2 1 2
3| 1 1 1

Бінарна дія і таблиця Келі 272:
(1, 1) -> 1
(1, 2) -> 1
(1, 3) -> 1
(2, 1) -> 2
(2, 2) -> 1
(2, 3) -> 2
(3, 1) -> 1
(3, 2) -> 1
(3, 3) -> 2
.  1 2 3
 +------
1| 1 1 1
2| 2 1 2
3| 1 1 2

Бінарна дія і таблиця Келі 273:
(1, 1) -> 1
(1, 2) -> 1
(1, 3) -> 1
(2, 1) -> 2
(2, 2) -> 1
(2, 3) -> 2
(3, 1) -> 1
(3, 2) -> 1
(3, 3) -> 3
.  1 2 3
 +------
1| 1 1 1
2| 2 1 2
3| 1 1 3

Бінарна дія і таблиця Келі 274:
(1, 1) -> 1
(1, 2) -> 1
(1, 3) -> 1
(2, 1) -> 2
(2, 2) -> 1
(2, 3) -> 2
(3, 1) -> 1
(3, 2) -> 2
(3, 3) -> 1
.  1 2 3
 +------
1| 1 1 1
2| 2 1 2
3| 1 2 1

Бінарна дія і таблиця Келі 275:
(1, 1) -> 1
(1, 2) -> 1
(1, 3) -> 1
(2, 1) -> 2
(2, 2) -> 1
(2, 3) -> 2
(3, 1) -> 1
(3, 2) -> 2
(3, 3) -> 2
.  1 2 3
 +------
1| 1 1 1
2| 2 1 2
3| 1 2 2

Бінарна дія і таблиця Келі 276:
(1, 1) -> 1
(1, 2) -> 1
(1, 3) -> 1
(2, 1) -> 2
(2, 2) -> 1
(2, 3) -> 2
(3, 1) -> 1
(3, 2) -> 2
(3, 3) -> 3
.  1 2 3
 +------
1| 1 1 1
2| 2 1 2
3| 1 2 3

Бінарна дія і таблиця Келі 277:
(1, 1) -> 1
(1, 2) -> 1
(1, 3) -> 1
(2, 1) -> 2
(2, 2) -> 1
(2, 3) -> 2
(3, 1) -> 1
(3, 2) -> 3
(3, 3) -> 1
.  1 2 3
 +------
1| 1 1 1
2| 2 1 2
3| 1 3 1

Бінарна дія і таблиця Келі 278:
(1, 1) -> 1
(1, 2) -> 1
(1, 3) -> 1
(2, 1) -> 2
(2, 2) -> 1
(2, 3) -> 2
(3, 1) -> 1
(3, 2) -> 3
(3, 3) -> 2
.  1 2 3
 +------
1| 1 1 1
2| 2 1 2
3| 1 3 2

Бінарна дія і таблиця Келі 279:
(1, 1) -> 1
(1, 2) -> 1
(1, 3) -> 1
(2, 1) -> 2
(2, 2) -> 1
(2, 3) -> 2
(3, 1) -> 1
(3, 2) -> 3
(3, 3) -> 3
.  1 2 3
 +------
1| 1 1 1
2| 2 1 2
3| 1 3 3

Бінарна дія і таблиця Келі 280:
(1, 1) -> 1
(1, 2) -> 1
(1, 3) -> 1
(2, 1) -> 2
(2, 2) -> 1
(2, 3) -> 2
(3, 1) -> 2
(3, 2) -> 1
(3, 3) -> 1
.  1 2 3
 +------
1| 1 1 1
2| 2 1 2
3| 2 1 1

Бінарна дія і таблиця Келі 281:
(1, 1) -> 1
(1, 2) -> 1
(1, 3) -> 1
(2, 1) -> 2
(2, 2) -> 1
(2, 3) -> 2
(3, 1) -> 2
(3, 2) -> 1
(3, 3) -> 2
.  1 2 3
 +------
1| 1 1 1
2| 2 1 2
3| 2 1 2

Бінарна дія і таблиця Келі 282:
(1, 1) -> 1
(1, 2) -> 1
(1, 3) -> 1
(2, 1) -> 2
(2, 2) -> 1
(2, 3) -> 2
(3, 1) -> 2
(3, 2) -> 1
(3, 3) -> 3
.  1 2 3
 +------
1| 1 1 1
2| 2 1 2
3| 2 1 3

Бінарна дія і таблиця Келі 283:
(1, 1) -> 1
(1, 2) -> 1
(1, 3) -> 1
(2, 1) -> 2
(2, 2) -> 1
(2, 3) -> 2
(3, 1) -> 2
(3, 2) -> 2
(3, 3) -> 1
.  1 2 3
 +------
1| 1 1 1
2| 2 1 2
3| 2 2 1

Бінарна дія і таблиця Келі 284:
(1, 1) -> 1
(1, 2) -> 1
(1, 3) -> 1
(2, 1) -> 2
(2, 2) -> 1
(2, 3) -> 2
(3, 1) -> 2
(3, 2) -> 2
(3, 3) -> 2
.  1 2 3
 +------
1| 1 1 1
2| 2 1 2
3| 2 2 2

Бінарна дія і таблиця Келі 285:
(1, 1) -> 1
(1, 2) -> 1
(1, 3) -> 1
(2, 1) -> 2
(2, 2) -> 1
(2, 3) -> 2
(3, 1) -> 2
(3, 2) -> 2
(3, 3) -> 3
.  1 2 3
 +------
1| 1 1 1
2| 2 1 2
3| 2 2 3

Бінарна дія і таблиця Келі 286:
(1, 1) -> 1
(1, 2) -> 1
(1, 3) -> 1
(2, 1) -> 2
(2, 2) -> 1
(2, 3) -> 2
(3, 1) -> 2
(3, 2) -> 3
(3, 3) -> 1
.  1 2 3
 +------
1| 1 1 1
2| 2 1 2
3| 2 3 1

Бінарна дія і таблиця Келі 287:
(1, 1) -> 1
(1, 2) -> 1
(1, 3) -> 1
(2, 1) -> 2
(2, 2) -> 1
(2, 3) -> 2
(3, 1) -> 2
(3, 2) -> 3
(3, 3) -> 2
.  1 2 3
 +------
1| 1 1 1
2| 2 1 2
3| 2 3 2

Бінарна дія і таблиця Келі 288:
(1, 1) -> 1
(1, 2) -> 1
(1, 3) -> 1
(2, 1) -> 2
(2, 2) -> 1
(2, 3) -> 2
(3, 1) -> 2
(3, 2) -> 3
(3, 3) -> 3
.  1 2 3
 +------
1| 1 1 1
2| 2 1 2
3| 2 3 3

Бінарна дія і таблиця Келі 289:
(1, 1) -> 1
(1, 2) -> 1
(1, 3) -> 1
(2, 1) -> 2
(2, 2) -> 1
(2, 3) -> 2
(3, 1) -> 3
(3, 2) -> 1
(3, 3) -> 1
.  1 2 3
 +------
1| 1 1 1
2| 2 1 2
3| 3 1 1

Бінарна дія і таблиця Келі 290:
(1, 1) -> 1
(1, 2) -> 1
(1, 3) -> 1
(2, 1) -> 2
(2, 2) -> 1
(2, 3) -> 2
(3, 1) -> 3
(3, 2) -> 1
(3, 3) -> 2
.  1 2 3
 +------
1| 1 1 1
2| 2 1 2
3| 3 1 2

Бінарна дія і таблиця Келі 291:
(1, 1) -> 1
(1, 2) -> 1
(1, 3) -> 1
(2, 1) -> 2
(2, 2) -> 1
(2, 3) -> 2
(3, 1) -> 3
(3, 2) -> 1
(3, 3) -> 3
.  1 2 3
 +------
1| 1 1 1
2| 2 1 2
3| 3 1 3

Бінарна дія і таблиця Келі 292:
(1, 1) -> 1
(1, 2) -> 1
(1, 3) -> 1
(2, 1) -> 2
(2, 2) -> 1
(2, 3) -> 2
(3, 1) -> 3
(3, 2) -> 2
(3, 3) -> 1
.  1 2 3
 +------
1| 1 1 1
2| 2 1 2
3| 3 2 1

Бінарна дія і таблиця Келі 293:
(1, 1) -> 1
(1, 2) -> 1
(1, 3) -> 1
(2, 1) -> 2
(2, 2) -> 1
(2, 3) -> 2
(3, 1) -> 3
(3, 2) -> 2
(3, 3) -> 2
.  1 2 3
 +------
1| 1 1 1
2| 2 1 2
3| 3 2 2

Бінарна дія і таблиця Келі 294:
(1, 1) -> 1
(1, 2) -> 1
(1, 3) -> 1
(2, 1) -> 2
(2, 2) -> 1
(2, 3) -> 2
(3, 1) -> 3
(3, 2) -> 2
(3, 3) -> 3
.  1 2 3
 +------
1| 1 1 1
2| 2 1 2
3| 3 2 3

Бінарна дія і таблиця Келі 295:
(1, 1) -> 1
(1, 2) -> 1
(1, 3) -> 1
(2, 1) -> 2
(2, 2) -> 1
(2, 3) -> 2
(3, 1) -> 3
(3, 2) -> 3
(3, 3) -> 1
.  1 2 3
 +------
1| 1 1 1
2| 2 1 2
3| 3 3 1

Бінарна дія і таблиця Келі 296:
(1, 1) -> 1
(1, 2) -> 1
(1, 3) -> 1
(2, 1) -> 2
(2, 2) -> 1
(2, 3) -> 2
(3, 1) -> 3
(3, 2) -> 3
(3, 3) -> 2
.  1 2 3
 +------
1| 1 1 1
2| 2 1 2
3| 3 3 2

Бінарна дія і таблиця Келі 297:
(1, 1) -> 1
(1, 2) -> 1
(1, 3) -> 1
(2, 1) -> 2
(2, 2) -> 1
(2, 3) -> 2
(3, 1) -> 3
(3, 2) -> 3
(3, 3) -> 3
.  1 2 3
 +------
1| 1 1 1
2| 2 1 2
3| 3 3 3

Бінарна дія і таблиця Келі 298:
(1, 1) -> 1
(1, 2) -> 1
(1, 3) -> 1
(2, 1) -> 2
(2, 2) -> 1
(2, 3) -> 3
(3, 1) -> 1
(3, 2) -> 1
(3, 3) -> 1
.  1 2 3
 +------
1| 1 1 1
2| 2 1 3
3| 1 1 1

Бінарна дія і таблиця Келі 299:
(1, 1) -> 1
(1, 2) -> 1
(1, 3) -> 1
(2, 1) -> 2
(2, 2) -> 1
(2, 3) -> 3
(3, 1) -> 1
(3, 2) -> 1
(3, 3) -> 2
.  1 2 3
 +------
1| 1 1 1
2| 2 1 3
3| 1 1 2

Бінарна дія і таблиця Келі 300:
(1, 1) -> 1
(1, 2) -> 1
(1, 3) -> 1
(2, 1) -> 2
(2, 2) -> 1
(2, 3) -> 3
(3, 1) -> 1
(3, 2) -> 1
(3, 3) -> 3
.  1 2 3
 +------
1| 1 1 1
2| 2 1 3
3| 1 1 3

Бінарна дія і таблиця Келі 301:
(1, 1) -> 1
(1, 2) -> 1
(1, 3) -> 1
(2, 1) -> 2
(2, 2) -> 1
(2, 3) -> 3
(3, 1) -> 1
(3, 2) -> 2
(3, 3) -> 1
.  1 2 3
 +------
1| 1 1 1
2| 2 1 3
3| 1 2 1

Бінарна дія і таблиця Келі 302:
(1, 1) -> 1
(1, 2) -> 1
(1, 3) -> 1
(2, 1) -> 2
(2, 2) -> 1
(2, 3) -> 3
(3, 1) -> 1
(3, 2) -> 2
(3, 3) -> 2
.  1 2 3
 +------
1| 1 1 1
2| 2 1 3
3| 1 2 2

Бінарна дія і таблиця Келі 303:
(1, 1) -> 1
(1, 2) -> 1
(1, 3) -> 1
(2, 1) -> 2
(2, 2) -> 1
(2, 3) -> 3
(3, 1) -> 1
(3, 2) -> 2
(3, 3) -> 3
.  1 2 3
 +------
1| 1 1 1
2| 2 1 3
3| 1 2 3

Бінарна дія і таблиця Келі 304:
(1, 1) -> 1
(1, 2) -> 1
(1, 3) -> 1
(2, 1) -> 2
(2, 2) -> 1
(2, 3) -> 3
(3, 1) -> 1
(3, 2) -> 3
(3, 3) -> 1
.  1 2 3
 +------
1| 1 1 1
2| 2 1 3
3| 1 3 1

Бінарна дія і таблиця Келі 305:
(1, 1) -> 1
(1, 2) -> 1
(1, 3) -> 1
(2, 1) -> 2
(2, 2) -> 1
(2, 3) -> 3
(3, 1) -> 1
(3, 2) -> 3
(3, 3) -> 2
.  1 2 3
 +------
1| 1 1 1
2| 2 1 3
3| 1 3 2

Бінарна дія і таблиця Келі 306:
(1, 1) -> 1
(1, 2) -> 1
(1, 3) -> 1
(2, 1) -> 2
(2, 2) -> 1
(2, 3) -> 3
(3, 1) -> 1
(3, 2) -> 3
(3, 3) -> 3
.  1 2 3
 +------
1| 1 1 1
2| 2 1 3
3| 1 3 3

Бінарна дія і таблиця Келі 307:
(1, 1) -> 1
(1, 2) -> 1
(1, 3) -> 1
(2, 1) -> 2
(2, 2) -> 1
(2, 3) -> 3
(3, 1) -> 2
(3, 2) -> 1
(3, 3) -> 1
.  1 2 3
 +------
1| 1 1 1
2| 2 1 3
3| 2 1 1

Бінарна дія і таблиця Келі 308:
(1, 1) -> 1
(1, 2) -> 1
(1, 3) -> 1
(2, 1) -> 2
(2, 2) -> 1
(2, 3) -> 3
(3, 1) -> 2
(3, 2) -> 1
(3, 3) -> 2
.  1 2 3
 +------
1| 1 1 1
2| 2 1 3
3| 2 1 2

Бінарна дія і таблиця Келі 309:
(1, 1) -> 1
(1, 2) -> 1
(1, 3) -> 1
(2, 1) -> 2
(2, 2) -> 1
(2, 3) -> 3
(3, 1) -> 2
(3, 2) -> 1
(3, 3) -> 3
.  1 2 3
 +------
1| 1 1 1
2| 2 1 3
3| 2 1 3

Бінарна дія і таблиця Келі 310:
(1, 1) -> 1
(1, 2) -> 1
(1, 3) -> 1
(2, 1) -> 2
(2, 2) -> 1
(2, 3) -> 3
(3, 1) -> 2
(3, 2) -> 2
(3, 3) -> 1
.  1 2 3
 +------
1| 1 1 1
2| 2 1 3
3| 2 2 1

Бінарна дія і таблиця Келі 311:
(1, 1) -> 1
(1, 2) -> 1
(1, 3) -> 1
(2, 1) -> 2
(2, 2) -> 1
(2, 3) -> 3
(3, 1) -> 2
(3, 2) -> 2
(3, 3) -> 2
.  1 2 3
 +------
1| 1 1 1
2| 2 1 3
3| 2 2 2

Бінарна дія і таблиця Келі 312:
(1, 1) -> 1
(1, 2) -> 1
(1, 3) -> 1
(2, 1) -> 2
(2, 2) -> 1
(2, 3) -> 3
(3, 1) -> 2
(3, 2) -> 2
(3, 3) -> 3
.  1 2 3
 +------
1| 1 1 1
2| 2 1 3
3| 2 2 3

Бінарна дія і таблиця Келі 313:
(1, 1) -> 1
(1, 2) -> 1
(1, 3) -> 1
(2, 1) -> 2
(2, 2) -> 1
(2, 3) -> 3
(3, 1) -> 2
(3, 2) -> 3
(3, 3) -> 1
.  1 2 3
 +------
1| 1 1 1
2| 2 1 3
3| 2 3 1

Бінарна дія і таблиця Келі 314:
(1, 1) -> 1
(1, 2) -> 1
(1, 3) -> 1
(2, 1) -> 2
(2, 2) -> 1
(2, 3) -> 3
(3, 1) -> 2
(3, 2) -> 3
(3, 3) -> 2
.  1 2 3
 +------
1| 1 1 1
2| 2 1 3
3| 2 3 2

Бінарна дія і таблиця Келі 315:
(1, 1) -> 1
(1, 2) -> 1
(1, 3) -> 1
(2, 1) -> 2
(2, 2) -> 1
(2, 3) -> 3
(3, 1) -> 2
(3, 2) -> 3
(3, 3) -> 3
.  1 2 3
 +------
1| 1 1 1
2| 2 1 3
3| 2 3 3

Бінарна дія і таблиця Келі 316:
(1, 1) -> 1
(1, 2) -> 1
(1, 3) -> 1
(2, 1) -> 2
(2, 2) -> 1
(2, 3) -> 3
(3, 1) -> 3
(3, 2) -> 1
(3, 3) -> 1
.  1 2 3
 +------
1| 1 1 1
2| 2 1 3
3| 3 1 1

Бінарна дія і таблиця Келі 317:
(1, 1) -> 1
(1, 2) -> 1
(1, 3) -> 1
(2, 1) -> 2
(2, 2) -> 1
(2, 3) -> 3
(3, 1) -> 3
(3, 2) -> 1
(3, 3) -> 2
.  1 2 3
 +------
1| 1 1 1
2| 2 1 3
3| 3 1 2

Бінарна дія і таблиця Келі 318:
(1, 1) -> 1
(1, 2) -> 1
(1, 3) -> 1
(2, 1) -> 2
(2, 2) -> 1
(2, 3) -> 3
(3, 1) -> 3
(3, 2) -> 1
(3, 3) -> 3
.  1 2 3
 +------
1| 1 1 1
2| 2 1 3
3| 3 1 3

Бінарна дія і таблиця Келі 319:
(1, 1) -> 1
(1, 2) -> 1
(1, 3) -> 1
(2, 1) -> 2
(2, 2) -> 1
(2, 3) -> 3
(3, 1) -> 3
(3, 2) -> 2
(3, 3) -> 1
.  1 2 3
 +------
1| 1 1 1
2| 2 1 3
3| 3 2 1

Бінарна дія і таблиця Келі 320:
(1, 1) -> 1
(1, 2) -> 1
(1, 3) -> 1
(2, 1) -> 2
(2, 2) -> 1
(2, 3) -> 3
(3, 1) -> 3
(3, 2) -> 2
(3, 3) -> 2
.  1 2 3
 +------
1| 1 1 1
2| 2 1 3
3| 3 2 2

Бінарна дія і таблиця Келі 321:
(1, 1) -> 1
(1, 2) -> 1
(1, 3) -> 1
(2, 1) -> 2
(2, 2) -> 1
(2, 3) -> 3
(3, 1) -> 3
(3, 2) -> 2
(3, 3) -> 3
.  1 2 3
 +------
1| 1 1 1
2| 2 1 3
3| 3 2 3

Бінарна дія і таблиця Келі 322:
(1, 1) -> 1
(1, 2) -> 1
(1, 3) -> 1
(2, 1) -> 2
(2, 2) -> 1
(2, 3) -> 3
(3, 1) -> 3
(3, 2) -> 3
(3, 3) -> 1
.  1 2 3
 +------
1| 1 1 1
2| 2 1 3
3| 3 3 1

Бінарна дія і таблиця Келі 323:
(1, 1) -> 1
(1, 2) -> 1
(1, 3) -> 1
(2, 1) -> 2
(2, 2) -> 1
(2, 3) -> 3
(3, 1) -> 3
(3, 2) -> 3
(3, 3) -> 2
.  1 2 3
 +------
1| 1 1 1
2| 2 1 3
3| 3 3 2

Бінарна дія і таблиця Келі 324:
(1, 1) -> 1
(1, 2) -> 1
(1, 3) -> 1
(2, 1) -> 2
(2, 2) -> 1
(2, 3) -> 3
(3, 1) -> 3
(3, 2) -> 3
(3, 3) -> 3
.  1 2 3
 +------
1| 1 1 1
2| 2 1 3
3| 3 3 3

Бінарна дія і таблиця Келі 325:
(1, 1) -> 1
(1, 2) -> 1
(1, 3) -> 1
(2, 1) -> 2
(2, 2) -> 2
(2, 3) -> 1
(3, 1) -> 1
(3, 2) -> 1
(3, 3) -> 1
.  1 2 3
 +------
1| 1 1 1
2| 2 2 1
3| 1 1 1

Бінарна дія і таблиця Келі 326:
(1, 1) -> 1
(1, 2) -> 1
(1, 3) -> 1
(2, 1) -> 2
(2, 2) -> 2
(2, 3) -> 1
(3, 1) -> 1
(3, 2) -> 1
(3, 3) -> 2
.  1 2 3
 +------
1| 1 1 1
2| 2 2 1
3| 1 1 2

Бінарна дія і таблиця Келі 327:
(1, 1) -> 1
(1, 2) -> 1
(1, 3) -> 1
(2, 1) -> 2
(2, 2) -> 2
(2, 3) -> 1
(3, 1) -> 1
(3, 2) -> 1
(3, 3) -> 3
.  1 2 3
 +------
1| 1 1 1
2| 2 2 1
3| 1 1 3

Бінарна дія і таблиця Келі 328:
(1, 1) -> 1
(1, 2) -> 1
(1, 3) -> 1
(2, 1) -> 2
(2, 2) -> 2
(2, 3) -> 1
(3, 1) -> 1
(3, 2) -> 2
(3, 3) -> 1
.  1 2 3
 +------
1| 1 1 1
2| 2 2 1
3| 1 2 1

Бінарна дія і таблиця Келі 329:
(1, 1) -> 1
(1, 2) -> 1
(1, 3) -> 1
(2, 1) -> 2
(2, 2) -> 2
(2, 3) -> 1
(3, 1) -> 1
(3, 2) -> 2
(3, 3) -> 2
.  1 2 3
 +------
1| 1 1 1
2| 2 2 1
3| 1 2 2

Бінарна дія і таблиця Келі 330:
(1, 1) -> 1
(1, 2) -> 1
(1, 3) -> 1
(2, 1) -> 2
(2, 2) -> 2
(2, 3) -> 1
(3, 1) -> 1
(3, 2) -> 2
(3, 3) -> 3
.  1 2 3
 +------
1| 1 1 1
2| 2 2 1
3| 1 2 3

Бінарна дія і таблиця Келі 331:
(1, 1) -> 1
(1, 2) -> 1
(1, 3) -> 1
(2, 1) -> 2
(2, 2) -> 2
(2, 3) -> 1
(3, 1) -> 1
(3, 2) -> 3
(3, 3) -> 1
.  1 2 3
 +------
1| 1 1 1
2| 2 2 1
3| 1 3 1

Бінарна дія і таблиця Келі 332:
(1, 1) -> 1
(1, 2) -> 1
(1, 3) -> 1
(2, 1) -> 2
(2, 2) -> 2
(2, 3) -> 1
(3, 1) -> 1
(3, 2) -> 3
(3, 3) -> 2
.  1 2 3
 +------
1| 1 1 1
2| 2 2 1
3| 1 3 2

Бінарна дія і таблиця Келі 333:
(1, 1) -> 1
(1, 2) -> 1
(1, 3) -> 1
(2, 1) -> 2
(2, 2) -> 2
(2, 3) -> 1
(3, 1) -> 1
(3, 2) -> 3
(3, 3) -> 3
.  1 2 3
 +------
1| 1 1 1
2| 2 2 1
3| 1 3 3

Бінарна дія і таблиця Келі 334:
(1, 1) -> 1
(1, 2) -> 1
(1, 3) -> 1
(2, 1) -> 2
(2, 2) -> 2
(2, 3) -> 1
(3, 1) -> 2
(3, 2) -> 1
(3, 3) -> 1
.  1 2 3
 +------
1| 1 1 1
2| 2 2 1
3| 2 1 1

Бінарна дія і таблиця Келі 335:
(1, 1) -> 1
(1, 2) -> 1
(1, 3) -> 1
(2, 1) -> 2
(2, 2) -> 2
(2, 3) -> 1
(3, 1) -> 2
(3, 2) -> 1
(3, 3) -> 2
.  1 2 3
 +------
1| 1 1 1
2| 2 2 1
3| 2 1 2

Бінарна дія і таблиця Келі 336:
(1, 1) -> 1
(1, 2) -> 1
(1, 3) -> 1
(2, 1) -> 2
(2, 2) -> 2
(2, 3) -> 1
(3, 1) -> 2
(3, 2) -> 1
(3, 3) -> 3
.  1 2 3
 +------
1| 1 1 1
2| 2 2 1
3| 2 1 3

Бінарна дія і таблиця Келі 337:
(1, 1) -> 1
(1, 2) -> 1
(1, 3) -> 1
(2, 1) -> 2
(2, 2) -> 2
(2, 3) -> 1
(3, 1) -> 2
(3, 2) -> 2
(3, 3) -> 1
.  1 2 3
 +------
1| 1 1 1
2| 2 2 1
3| 2 2 1

Бінарна дія і таблиця Келі 338:
(1, 1) -> 1
(1, 2) -> 1
(1, 3) -> 1
(2, 1) -> 2
(2, 2) -> 2
(2, 3) -> 1
(3, 1) -> 2
(3, 2) -> 2
(3, 3) -> 2
.  1 2 3
 +------
1| 1 1 1
2| 2 2 1
3| 2 2 2

Бінарна дія і таблиця Келі 339:
(1, 1) -> 1
(1, 2) -> 1
(1, 3) -> 1
(2, 1) -> 2
(2, 2) -> 2
(2, 3) -> 1
(3, 1) -> 2
(3, 2) -> 2
(3, 3) -> 3
.  1 2 3
 +------
1| 1 1 1
2| 2 2 1
3| 2 2 3

Бінарна дія і таблиця Келі 340:
(1, 1) -> 1
(1, 2) -> 1
(1, 3) -> 1
(2, 1) -> 2
(2, 2) -> 2
(2, 3) -> 1
(3, 1) -> 2
(3, 2) -> 3
(3, 3) -> 1
.  1 2 3
 +------
1| 1 1 1
2| 2 2 1
3| 2 3 1

Бінарна дія і таблиця Келі 341:
(1, 1) -> 1
(1, 2) -> 1
(1, 3) -> 1
(2, 1) -> 2
(2, 2) -> 2
(2, 3) -> 1
(3, 1) -> 2
(3, 2) -> 3
(3, 3) -> 2
.  1 2 3
 +------
1| 1 1 1
2| 2 2 1
3| 2 3 2

Бінарна дія і таблиця Келі 342:
(1, 1) -> 1
(1, 2) -> 1
(1, 3) -> 1
(2, 1) -> 2
(2, 2) -> 2
(2, 3) -> 1
(3, 1) -> 2
(3, 2) -> 3
(3, 3) -> 3
.  1 2 3
 +------
1| 1 1 1
2| 2 2 1
3| 2 3 3

Бінарна дія і таблиця Келі 343:
(1, 1) -> 1
(1, 2) -> 1
(1, 3) -> 1
(2, 1) -> 2
(2, 2) -> 2
(2, 3) -> 1
(3, 1) -> 3
(3, 2) -> 1
(3, 3) -> 1
.  1 2 3
 +------
1| 1 1 1
2| 2 2 1
3| 3 1 1

Бінарна дія і таблиця Келі 344:
(1, 1) -> 1
(1, 2) -> 1
(1, 3) -> 1
(2, 1) -> 2
(2, 2) -> 2
(2, 3) -> 1
(3, 1) -> 3
(3, 2) -> 1
(3, 3) -> 2
.  1 2 3
 +------
1| 1 1 1
2| 2 2 1
3| 3 1 2

Бінарна дія і таблиця Келі 345:
(1, 1) -> 1
(1, 2) -> 1
(1, 3) -> 1
(2, 1) -> 2
(2, 2) -> 2
(2, 3) -> 1
(3, 1) -> 3
(3, 2) -> 1
(3, 3) -> 3
.  1 2 3
 +------
1| 1 1 1
2| 2 2 1
3| 3 1 3

Бінарна дія і таблиця Келі 346:
(1, 1) -> 1
(1, 2) -> 1
(1, 3) -> 1
(2, 1) -> 2
(2, 2) -> 2
(2, 3) -> 1
(3, 1) -> 3
(3, 2) -> 2
(3, 3) -> 1
.  1 2 3
 +------
1| 1 1 1
2| 2 2 1
3| 3 2 1

Бінарна дія і таблиця Келі 347:
(1, 1) -> 1
(1, 2) -> 1
(1, 3) -> 1
(2, 1) -> 2
(2, 2) -> 2
(2, 3) -> 1
(3, 1) -> 3
(3, 2) -> 2
(3, 3) -> 2
.  1 2 3
 +------
1| 1 1 1
2| 2 2 1
3| 3 2 2

Бінарна дія і таблиця Келі 348:
(1, 1) -> 1
(1, 2) -> 1
(1, 3) -> 1
(2, 1) -> 2
(2, 2) -> 2
(2, 3) -> 1
(3, 1) -> 3
(3, 2) -> 2
(3, 3) -> 3
.  1 2 3
 +------
1| 1 1 1
2| 2 2 1
3| 3 2 3

Бінарна дія і таблиця Келі 349:
(1, 1) -> 1
(1, 2) -> 1
(1, 3) -> 1
(2, 1) -> 2
(2, 2) -> 2
(2, 3) -> 1
(3, 1) -> 3
(3, 2) -> 3
(3, 3) -> 1
.  1 2 3
 +------
1| 1 1 1
2| 2 2 1
3| 3 3 1

Бінарна дія і таблиця Келі 350:
(1, 1) -> 1
(1, 2) -> 1
(1, 3) -> 1
(2, 1) -> 2
(2, 2) -> 2
(2, 3) -> 1
(3, 1) -> 3
(3, 2) -> 3
(3, 3) -> 2
.  1 2 3
 +------
1| 1 1 1
2| 2 2 1
3| 3 3 2

Бінарна дія і таблиця Келі 351:
(1, 1) -> 1
(1, 2) -> 1
(1, 3) -> 1
(2, 1) -> 2
(2, 2) -> 2
(2, 3) -> 1
(3, 1) -> 3
(3, 2) -> 3
(3, 3) -> 3
.  1 2 3
 +------
1| 1 1 1
2| 2 2 1
3| 3 3 3

Бінарна дія і таблиця Келі 352:
(1, 1) -> 1
(1, 2) -> 1
(1, 3) -> 1
(2, 1) -> 2
(2, 2) -> 2
(2, 3) -> 2
(3, 1) -> 1
(3, 2) -> 1
(3, 3) -> 1
.  1 2 3
 +------
1| 1 1 1
2| 2 2 2
3| 1 1 1

Бінарна дія і таблиця Келі 353:
(1, 1) -> 1
(1, 2) -> 1
(1, 3) -> 1
(2, 1) -> 2
(2, 2) -> 2
(2, 3) -> 2
(3, 1) -> 1
(3, 2) -> 1
(3, 3) -> 2
.  1 2 3
 +------
1| 1 1 1
2| 2 2 2
3| 1 1 2

Бінарна дія і таблиця Келі 354:
(1, 1) -> 1
(1, 2) -> 1
(1, 3) -> 1
(2, 1) -> 2
(2, 2) -> 2
(2, 3) -> 2
(3, 1) -> 1
(3, 2) -> 1
(3, 3) -> 3
.  1 2 3
 +------
1| 1 1 1
2| 2 2 2
3| 1 1 3

Бінарна дія і таблиця Келі 355:
(1, 1) -> 1
(1, 2) -> 1
(1, 3) -> 1
(2, 1) -> 2
(2, 2) -> 2
(2, 3) -> 2
(3, 1) -> 1
(3, 2) -> 2
(3, 3) -> 1
.  1 2 3
 +------
1| 1 1 1
2| 2 2 2
3| 1 2 1

Бінарна дія і таблиця Келі 356:
(1, 1) -> 1
(1, 2) -> 1
(1, 3) -> 1
(2, 1) -> 2
(2, 2) -> 2
(2, 3) -> 2
(3, 1) -> 1
(3, 2) -> 2
(3, 3) -> 2
.  1 2 3
 +------
1| 1 1 1
2| 2 2 2
3| 1 2 2

Бінарна дія і таблиця Келі 357:
(1, 1) -> 1
(1, 2) -> 1
(1, 3) -> 1
(2, 1) -> 2
(2, 2) -> 2
(2, 3) -> 2
(3, 1) -> 1
(3, 2) -> 2
(3, 3) -> 3
.  1 2 3
 +------
1| 1 1 1
2| 2 2 2
3| 1 2 3

Бінарна дія і таблиця Келі 358:
(1, 1) -> 1
(1, 2) -> 1
(1, 3) -> 1
(2, 1) -> 2
(2, 2) -> 2
(2, 3) -> 2
(3, 1) -> 1
(3, 2) -> 3
(3, 3) -> 1
.  1 2 3
 +------
1| 1 1 1
2| 2 2 2
3| 1 3 1

Бінарна дія і таблиця Келі 359:
(1, 1) -> 1
(1, 2) -> 1
(1, 3) -> 1
(2, 1) -> 2
(2, 2) -> 2
(2, 3) -> 2
(3, 1) -> 1
(3, 2) -> 3
(3, 3) -> 2
.  1 2 3
 +------
1| 1 1 1
2| 2 2 2
3| 1 3 2

Бінарна дія і таблиця Келі 360:
(1, 1) -> 1
(1, 2) -> 1
(1, 3) -> 1
(2, 1) -> 2
(2, 2) -> 2
(2, 3) -> 2
(3, 1) -> 1
(3, 2) -> 3
(3, 3) -> 3
.  1 2 3
 +------
1| 1 1 1
2| 2 2 2
3| 1 3 3

Бінарна дія і таблиця Келі 361:
(1, 1) -> 1
(1, 2) -> 1
(1, 3) -> 1
(2, 1) -> 2
(2, 2) -> 2
(2, 3) -> 2
(3, 1) -> 2
(3, 2) -> 1
(3, 3) -> 1
.  1 2 3
 +------
1| 1 1 1
2| 2 2 2
3| 2 1 1

Бінарна дія і таблиця Келі 362:
(1, 1) -> 1
(1, 2) -> 1
(1, 3) -> 1
(2, 1) -> 2
(2, 2) -> 2
(2, 3) -> 2
(3, 1) -> 2
(3, 2) -> 1
(3, 3) -> 2
.  1 2 3
 +------
1| 1 1 1
2| 2 2 2
3| 2 1 2

Бінарна дія і таблиця Келі 363:
(1, 1) -> 1
(1, 2) -> 1
(1, 3) -> 1
(2, 1) -> 2
(2, 2) -> 2
(2, 3) -> 2
(3, 1) -> 2
(3, 2) -> 1
(3, 3) -> 3
.  1 2 3
 +------
1| 1 1 1
2| 2 2 2
3| 2 1 3

Бінарна дія і таблиця Келі 364:
(1, 1) -> 1
(1, 2) -> 1
(1, 3) -> 1
(2, 1) -> 2
(2, 2) -> 2
(2, 3) -> 2
(3, 1) -> 2
(3, 2) -> 2
(3, 3) -> 1
.  1 2 3
 +------
1| 1 1 1
2| 2 2 2
3| 2 2 1

Бінарна дія і таблиця Келі 365:
(1, 1) -> 1
(1, 2) -> 1
(1, 3) -> 1
(2, 1) -> 2
(2, 2) -> 2
(2, 3) -> 2
(3, 1) -> 2
(3, 2) -> 2
(3, 3) -> 2
.  1 2 3
 +------
1| 1 1 1
2| 2 2 2
3| 2 2 2

Бінарна дія і таблиця Келі 366:
(1, 1) -> 1
(1, 2) -> 1
(1, 3) -> 1
(2, 1) -> 2
(2, 2) -> 2
(2, 3) -> 2
(3, 1) -> 2
(3, 2) -> 2
(3, 3) -> 3
.  1 2 3
 +------
1| 1 1 1
2| 2 2 2
3| 2 2 3

Бінарна дія і таблиця Келі 367:
(1, 1) -> 1
(1, 2) -> 1
(1, 3) -> 1
(2, 1) -> 2
(2, 2) -> 2
(2, 3) -> 2
(3, 1) -> 2
(3, 2) -> 3
(3, 3) -> 1
.  1 2 3
 +------
1| 1 1 1
2| 2 2 2
3| 2 3 1

Бінарна дія і таблиця Келі 368:
(1, 1) -> 1
(1, 2) -> 1
(1, 3) -> 1
(2, 1) -> 2
(2, 2) -> 2
(2, 3) -> 2
(3, 1) -> 2
(3, 2) -> 3
(3, 3) -> 2
.  1 2 3
 +------
1| 1 1 1
2| 2 2 2
3| 2 3 2

Бінарна дія і таблиця Келі 369:
(1, 1) -> 1
(1, 2) -> 1
(1, 3) -> 1
(2, 1) -> 2
(2, 2) -> 2
(2, 3) -> 2
(3, 1) -> 2
(3, 2) -> 3
(3, 3) -> 3
.  1 2 3
 +------
1| 1 1 1
2| 2 2 2
3| 2 3 3

Бінарна дія і таблиця Келі 370:
(1, 1) -> 1
(1, 2) -> 1
(1, 3) -> 1
(2, 1) -> 2
(2, 2) -> 2
(2, 3) -> 2
(3, 1) -> 3
(3, 2) -> 1
(3, 3) -> 1
.  1 2 3
 +------
1| 1 1 1
2| 2 2 2
3| 3 1 1

Бінарна дія і таблиця Келі 371:
(1, 1) -> 1
(1, 2) -> 1
(1, 3) -> 1
(2, 1) -> 2
(2, 2) -> 2
(2, 3) -> 2
(3, 1) -> 3
(3, 2) -> 1
(3, 3) -> 2
.  1 2 3
 +------
1| 1 1 1
2| 2 2 2
3| 3 1 2

Бінарна дія і таблиця Келі 372:
(1, 1) -> 1
(1, 2) -> 1
(1, 3) -> 1
(2, 1) -> 2
(2, 2) -> 2
(2, 3) -> 2
(3, 1) -> 3
(3, 2) -> 1
(3, 3) -> 3
.  1 2 3
 +------
1| 1 1 1
2| 2 2 2
3| 3 1 3

Бінарна дія і таблиця Келі 373:
(1, 1) -> 1
(1, 2) -> 1
(1, 3) -> 1
(2, 1) -> 2
(2, 2) -> 2
(2, 3) -> 2
(3, 1) -> 3
(3, 2) -> 2
(3, 3) -> 1
.  1 2 3
 +------
1| 1 1 1
2| 2 2 2
3| 3 2 1

Бінарна дія і таблиця Келі 374:
(1, 1) -> 1
(1, 2) -> 1
(1, 3) -> 1
(2, 1) -> 2
(2, 2) -> 2
(2, 3) -> 2
(3, 1) -> 3
(3, 2) -> 2
(3, 3) -> 2
.  1 2 3
 +------
1| 1 1 1
2| 2 2 2
3| 3 2 2

Бінарна дія і таблиця Келі 375:
(1, 1) -> 1
(1, 2) -> 1
(1, 3) -> 1
(2, 1) -> 2
(2, 2) -> 2
(2, 3) -> 2
(3, 1) -> 3
(3, 2) -> 2
(3, 3) -> 3
.  1 2 3
 +------
1| 1 1 1
2| 2 2 2
3| 3 2 3

Бінарна дія і таблиця Келі 376:
(1, 1) -> 1
(1, 2) -> 1
(1, 3) -> 1
(2, 1) -> 2
(2, 2) -> 2
(2, 3) -> 2
(3, 1) -> 3
(3, 2) -> 3
(3, 3) -> 1
.  1 2 3
 +------
1| 1 1 1
2| 2 2 2
3| 3 3 1

Бінарна дія і таблиця Келі 377:
(1, 1) -> 1
(1, 2) -> 1
(1, 3) -> 1
(2, 1) -> 2
(2, 2) -> 2
(2, 3) -> 2
(3, 1) -> 3
(3, 2) -> 3
(3, 3) -> 2
.  1 2 3
 +------
1| 1 1 1
2| 2 2 2
3| 3 3 2

Бінарна дія і таблиця Келі 378:
(1, 1) -> 1
(1, 2) -> 1
(1, 3) -> 1
(2, 1) -> 2
(2, 2) -> 2
(2, 3) -> 2
(3, 1) -> 3
(3, 2) -> 3
(3, 3) -> 3
.  1 2 3
 +------
1| 1 1 1
2| 2 2 2
3| 3 3 3

Бінарна дія і таблиця Келі 379:
(1, 1) -> 1
(1, 2) -> 1
(1, 3) -> 1
(2, 1) -> 2
(2, 2) -> 2
(2, 3) -> 3
(3, 1) -> 1
(3, 2) -> 1
(3, 3) -> 1
.  1 2 3
 +------
1| 1 1 1
2| 2 2 3
3| 1 1 1

Бінарна дія і таблиця Келі 380:
(1, 1) -> 1
(1, 2) -> 1
(1, 3) -> 1
(2, 1) -> 2
(2, 2) -> 2
(2, 3) -> 3
(3, 1) -> 1
(3, 2) -> 1
(3, 3) -> 2
.  1 2 3
 +------
1| 1 1 1
2| 2 2 3
3| 1 1 2

Бінарна дія і таблиця Келі 381:
(1, 1) -> 1
(1, 2) -> 1
(1, 3) -> 1
(2, 1) -> 2
(2, 2) -> 2
(2, 3) -> 3
(3, 1) -> 1
(3, 2) -> 1
(3, 3) -> 3
.  1 2 3
 +------
1| 1 1 1
2| 2 2 3
3| 1 1 3

Бінарна дія і таблиця Келі 382:
(1, 1) -> 1
(1, 2) -> 1
(1, 3) -> 1
(2, 1) -> 2
(2, 2) -> 2
(2, 3) -> 3
(3, 1) -> 1
(3, 2) -> 2
(3, 3) -> 1
.  1 2 3
 +------
1| 1 1 1
2| 2 2 3
3| 1 2 1

Бінарна дія і таблиця Келі 383:
(1, 1) -> 1
(1, 2) -> 1
(1, 3) -> 1
(2, 1) -> 2
(2, 2) -> 2
(2, 3) -> 3
(3, 1) -> 1
(3, 2) -> 2
(3, 3) -> 2
.  1 2 3
 +------
1| 1 1 1
2| 2 2 3
3| 1 2 2

Бінарна дія і таблиця Келі 384:
(1, 1) -> 1
(1, 2) -> 1
(1, 3) -> 1
(2, 1) -> 2
(2, 2) -> 2
(2, 3) -> 3
(3, 1) -> 1
(3, 2) -> 2
(3, 3) -> 3
.  1 2 3
 +------
1| 1 1 1
2| 2 2 3
3| 1 2 3

Бінарна дія і таблиця Келі 385:
(1, 1) -> 1
(1, 2) -> 1
(1, 3) -> 1
(2, 1) -> 2
(2, 2) -> 2
(2, 3) -> 3
(3, 1) -> 1
(3, 2) -> 3
(3, 3) -> 1
.  1 2 3
 +------
1| 1 1 1
2| 2 2 3
3| 1 3 1

Бінарна дія і таблиця Келі 386:
(1, 1) -> 1
(1, 2) -> 1
(1, 3) -> 1
(2, 1) -> 2
(2, 2) -> 2
(2, 3) -> 3
(3, 1) -> 1
(3, 2) -> 3
(3, 3) -> 2
.  1 2 3
 +------
1| 1 1 1
2| 2 2 3
3| 1 3 2

Бінарна дія і таблиця Келі 387:
(1, 1) -> 1
(1, 2) -> 1
(1, 3) -> 1
(2, 1) -> 2
(2, 2) -> 2
(2, 3) -> 3
(3, 1) -> 1
(3, 2) -> 3
(3, 3) -> 3
.  1 2 3
 +------
1| 1 1 1
2| 2 2 3
3| 1 3 3

Бінарна дія і таблиця Келі 388:
(1, 1) -> 1
(1, 2) -> 1
(1, 3) -> 1
(2, 1) -> 2
(2, 2) -> 2
(2, 3) -> 3
(3, 1) -> 2
(3, 2) -> 1
(3, 3) -> 1
.  1 2 3
 +------
1| 1 1 1
2| 2 2 3
3| 2 1 1

Бінарна дія і таблиця Келі 389:
(1, 1) -> 1
(1, 2) -> 1
(1, 3) -> 1
(2, 1) -> 2
(2, 2) -> 2
(2, 3) -> 3
(3, 1) -> 2
(3, 2) -> 1
(3, 3) -> 2
.  1 2 3
 +------
1| 1 1 1
2| 2 2 3
3| 2 1 2

Бінарна дія і таблиця Келі 390:
(1, 1) -> 1
(1, 2) -> 1
(1, 3) -> 1
(2, 1) -> 2
(2, 2) -> 2
(2, 3) -> 3
(3, 1) -> 2
(3, 2) -> 1
(3, 3) -> 3
.  1 2 3
 +------
1| 1 1 1
2| 2 2 3
3| 2 1 3

Бінарна дія і таблиця Келі 391:
(1, 1) -> 1
(1, 2) -> 1
(1, 3) -> 1
(2, 1) -> 2
(2, 2) -> 2
(2, 3) -> 3
(3, 1) -> 2
(3, 2) -> 2
(3, 3) -> 1
.  1 2 3
 +------
1| 1 1 1
2| 2 2 3
3| 2 2 1

Бінарна дія і таблиця Келі 392:
(1, 1) -> 1
(1, 2) -> 1
(1, 3) -> 1
(2, 1) -> 2
(2, 2) -> 2
(2, 3) -> 3
(3, 1) -> 2
(3, 2) -> 2
(3, 3) -> 2
.  1 2 3
 +------
1| 1 1 1
2| 2 2 3
3| 2 2 2

Бінарна дія і таблиця Келі 393:
(1, 1) -> 1
(1, 2) -> 1
(1, 3) -> 1
(2, 1) -> 2
(2, 2) -> 2
(2, 3) -> 3
(3, 1) -> 2
(3, 2) -> 2
(3, 3) -> 3
.  1 2 3
 +------
1| 1 1 1
2| 2 2 3
3| 2 2 3

Бінарна дія і таблиця Келі 394:
(1, 1) -> 1
(1, 2) -> 1
(1, 3) -> 1
(2, 1) -> 2
(2, 2) -> 2
(2, 3) -> 3
(3, 1) -> 2
(3, 2) -> 3
(3, 3) -> 1
.  1 2 3
 +------
1| 1 1 1
2| 2 2 3
3| 2 3 1

Бінарна дія і таблиця Келі 395:
(1, 1) -> 1
(1, 2) -> 1
(1, 3) -> 1
(2, 1) -> 2
(2, 2) -> 2
(2, 3) -> 3
(3, 1) -> 2
(3, 2) -> 3
(3, 3) -> 2
.  1 2 3
 +------
1| 1 1 1
2| 2 2 3
3| 2 3 2

Бінарна дія і таблиця Келі 396:
(1, 1) -> 1
(1, 2) -> 1
(1, 3) -> 1
(2, 1) -> 2
(2, 2) -> 2
(2, 3) -> 3
(3, 1) -> 2
(3, 2) -> 3
(3, 3) -> 3
.  1 2 3
 +------
1| 1 1 1
2| 2 2 3
3| 2 3 3

Бінарна дія і таблиця Келі 397:
(1, 1) -> 1
(1, 2) -> 1
(1, 3) -> 1
(2, 1) -> 2
(2, 2) -> 2
(2, 3) -> 3
(3, 1) -> 3
(3, 2) -> 1
(3, 3) -> 1
.  1 2 3
 +------
1| 1 1 1
2| 2 2 3
3| 3 1 1

Бінарна дія і таблиця Келі 398:
(1, 1) -> 1
(1, 2) -> 1
(1, 3) -> 1
(2, 1) -> 2
(2, 2) -> 2
(2, 3) -> 3
(3, 1) -> 3
(3, 2) -> 1
(3, 3) -> 2
.  1 2 3
 +------
1| 1 1 1
2| 2 2 3
3| 3 1 2

Бінарна дія і таблиця Келі 399:
(1, 1) -> 1
(1, 2) -> 1
(1, 3) -> 1
(2, 1) -> 2
(2, 2) -> 2
(2, 3) -> 3
(3, 1) -> 3
(3, 2) -> 1
(3, 3) -> 3
.  1 2 3
 +------
1| 1 1 1
2| 2 2 3
3| 3 1 3

Бінарна дія і таблиця Келі 400:
(1, 1) -> 1
(1, 2) -> 1
(1, 3) -> 1
(2, 1) -> 2
(2, 2) -> 2
(2, 3) -> 3
(3, 1) -> 3
(3, 2) -> 2
(3, 3) -> 1
.  1 2 3
 +------
1| 1 1 1
2| 2 2 3
3| 3 2 1

Бінарна дія і таблиця Келі 401:
(1, 1) -> 1
(1, 2) -> 1
(1, 3) -> 1
(2, 1) -> 2
(2, 2) -> 2
(2, 3) -> 3
(3, 1) -> 3
(3, 2) -> 2
(3, 3) -> 2
.  1 2 3
 +------
1| 1 1 1
2| 2 2 3
3| 3 2 2

Бінарна дія і таблиця Келі 402:
(1, 1) -> 1
(1, 2) -> 1
(1, 3) -> 1
(2, 1) -> 2
(2, 2) -> 2
(2, 3) -> 3
(3, 1) -> 3
(3, 2) -> 2
(3, 3) -> 3
.  1 2 3
 +------
1| 1 1 1
2| 2 2 3
3| 3 2 3

Бінарна дія і таблиця Келі 403:
(1, 1) -> 1
(1, 2) -> 1
(1, 3) -> 1
(2, 1) -> 2
(2, 2) -> 2
(2, 3) -> 3
(3, 1) -> 3
(3, 2) -> 3
(3, 3) -> 1
.  1 2 3
 +------
1| 1 1 1
2| 2 2 3
3| 3 3 1

Бінарна дія і таблиця Келі 404:
(1, 1) -> 1
(1, 2) -> 1
(1, 3) -> 1
(2, 1) -> 2
(2, 2) -> 2
(2, 3) -> 3
(3, 1) -> 3
(3, 2) -> 3
(3, 3) -> 2
.  1 2 3
 +------
1| 1 1 1
2| 2 2 3
3| 3 3 2

Бінарна дія і таблиця Келі 405:
(1, 1) -> 1
(1, 2) -> 1
(1, 3) -> 1
(2, 1) -> 2
(2, 2) -> 2
(2, 3) -> 3
(3, 1) -> 3
(3, 2) -> 3
(3, 3) -> 3
.  1 2 3
 +------
1| 1 1 1
2| 2 2 3
3| 3 3 3

Бінарна дія і таблиця Келі 406:
(1, 1) -> 1
(1, 2) -> 1
(1, 3) -> 1
(2, 1) -> 2
(2, 2) -> 3
(2, 3) -> 1
(3, 1) -> 1
(3, 2) -> 1
(3, 3) -> 1
.  1 2 3
 +------
1| 1 1 1
2| 2 3 1
3| 1 1 1

Бінарна дія і таблиця Келі 407:
(1, 1) -> 1
(1, 2) -> 1
(1, 3) -> 1
(2, 1) -> 2
(2, 2) -> 3
(2, 3) -> 1
(3, 1) -> 1
(3, 2) -> 1
(3, 3) -> 2
.  1 2 3
 +------
1| 1 1 1
2| 2 3 1
3| 1 1 2

Бінарна дія і таблиця Келі 408:
(1, 1) -> 1
(1, 2) -> 1
(1, 3) -> 1
(2, 1) -> 2
(2, 2) -> 3
(2, 3) -> 1
(3, 1) -> 1
(3, 2) -> 1
(3, 3) -> 3
.  1 2 3
 +------
1| 1 1 1
2| 2 3 1
3| 1 1 3

Бінарна дія і таблиця Келі 409:
(1, 1) -> 1
(1, 2) -> 1
(1, 3) -> 1
(2, 1) -> 2
(2, 2) -> 3
(2, 3) -> 1
(3, 1) -> 1
(3, 2) -> 2
(3, 3) -> 1
.  1 2 3
 +------
1| 1 1 1
2| 2 3 1
3| 1 2 1

Бінарна дія і таблиця Келі 410:
(1, 1) -> 1
(1, 2) -> 1
(1, 3) -> 1
(2, 1) -> 2
(2, 2) -> 3
(2, 3) -> 1
(3, 1) -> 1
(3, 2) -> 2
(3, 3) -> 2
.  1 2 3
 +------
1| 1 1 1
2| 2 3 1
3| 1 2 2

Бінарна дія і таблиця Келі 411:
(1, 1) -> 1
(1, 2) -> 1
(1, 3) -> 1
(2, 1) -> 2
(2, 2) -> 3
(2, 3) -> 1
(3, 1) -> 1
(3, 2) -> 2
(3, 3) -> 3
.  1 2 3
 +------
1| 1 1 1
2| 2 3 1
3| 1 2 3

Бінарна дія і таблиця Келі 412:
(1, 1) -> 1
(1, 2) -> 1
(1, 3) -> 1
(2, 1) -> 2
(2, 2) -> 3
(2, 3) -> 1
(3, 1) -> 1
(3, 2) -> 3
(3, 3) -> 1
.  1 2 3
 +------
1| 1 1 1
2| 2 3 1
3| 1 3 1

Бінарна дія і таблиця Келі 413:
(1, 1) -> 1
(1, 2) -> 1
(1, 3) -> 1
(2, 1) -> 2
(2, 2) -> 3
(2, 3) -> 1
(3, 1) -> 1
(3, 2) -> 3
(3, 3) -> 2
.  1 2 3
 +------
1| 1 1 1
2| 2 3 1
3| 1 3 2

Бінарна дія і таблиця Келі 414:
(1, 1) -> 1
(1, 2) -> 1
(1, 3) -> 1
(2, 1) -> 2
(2, 2) -> 3
(2, 3) -> 1
(3, 1) -> 1
(3, 2) -> 3
(3, 3) -> 3
.  1 2 3
 +------
1| 1 1 1
2| 2 3 1
3| 1 3 3

Бінарна дія і таблиця Келі 415:
(1, 1) -> 1
(1, 2) -> 1
(1, 3) -> 1
(2, 1) -> 2
(2, 2) -> 3
(2, 3) -> 1
(3, 1) -> 2
(3, 2) -> 1
(3, 3) -> 1
.  1 2 3
 +------
1| 1 1 1
2| 2 3 1
3| 2 1 1

Бінарна дія і таблиця Келі 416:
(1, 1) -> 1
(1, 2) -> 1
(1, 3) -> 1
(2, 1) -> 2
(2, 2) -> 3
(2, 3) -> 1
(3, 1) -> 2
(3, 2) -> 1
(3, 3) -> 2
.  1 2 3
 +------
1| 1 1 1
2| 2 3 1
3| 2 1 2

Бінарна дія і таблиця Келі 417:
(1, 1) -> 1
(1, 2) -> 1
(1, 3) -> 1
(2, 1) -> 2
(2, 2) -> 3
(2, 3) -> 1
(3, 1) -> 2
(3, 2) -> 1
(3, 3) -> 3
.  1 2 3
 +------
1| 1 1 1
2| 2 3 1
3| 2 1 3

Бінарна дія і таблиця Келі 418:
(1, 1) -> 1
(1, 2) -> 1
(1, 3) -> 1
(2, 1) -> 2
(2, 2) -> 3
(2, 3) -> 1
(3, 1) -> 2
(3, 2) -> 2
(3, 3) -> 1
.  1 2 3
 +------
1| 1 1 1
2| 2 3 1
3| 2 2 1

Бінарна дія і таблиця Келі 419:
(1, 1) -> 1
(1, 2) -> 1
(1, 3) -> 1
(2, 1) -> 2
(2, 2) -> 3
(2, 3) -> 1
(3, 1) -> 2
(3, 2) -> 2
(3, 3) -> 2
.  1 2 3
 +------
1| 1 1 1
2| 2 3 1
3| 2 2 2

Бінарна дія і таблиця Келі 420:
(1, 1) -> 1
(1, 2) -> 1
(1, 3) -> 1
(2, 1) -> 2
(2, 2) -> 3
(2, 3) -> 1
(3, 1) -> 2
(3, 2) -> 2
(3, 3) -> 3
.  1 2 3
 +------
1| 1 1 1
2| 2 3 1
3| 2 2 3

Бінарна дія і таблиця Келі 421:
(1, 1) -> 1
(1, 2) -> 1
(1, 3) -> 1
(2, 1) -> 2
(2, 2) -> 3
(2, 3) -> 1
(3, 1) -> 2
(3, 2) -> 3
(3, 3) -> 1
.  1 2 3
 +------
1| 1 1 1
2| 2 3 1
3| 2 3 1

Бінарна дія і таблиця Келі 422:
(1, 1) -> 1
(1, 2) -> 1
(1, 3) -> 1
(2, 1) -> 2
(2, 2) -> 3
(2, 3) -> 1
(3, 1) -> 2
(3, 2) -> 3
(3, 3) -> 2
.  1 2 3
 +------
1| 1 1 1
2| 2 3 1
3| 2 3 2

Бінарна дія і таблиця Келі 423:
(1, 1) -> 1
(1, 2) -> 1
(1, 3) -> 1
(2, 1) -> 2
(2, 2) -> 3
(2, 3) -> 1
(3, 1) -> 2
(3, 2) -> 3
(3, 3) -> 3
.  1 2 3
 +------
1| 1 1 1
2| 2 3 1
3| 2 3 3

Бінарна дія і таблиця Келі 424:
(1, 1) -> 1
(1, 2) -> 1
(1, 3) -> 1
(2, 1) -> 2
(2, 2) -> 3
(2, 3) -> 1
(3, 1) -> 3
(3, 2) -> 1
(3, 3) -> 1
.  1 2 3
 +------
1| 1 1 1
2| 2 3 1
3| 3 1 1

Бінарна дія і таблиця Келі 425:
(1, 1) -> 1
(1, 2) -> 1
(1, 3) -> 1
(2, 1) -> 2
(2, 2) -> 3
(2, 3) -> 1
(3, 1) -> 3
(3, 2) -> 1
(3, 3) -> 2
.  1 2 3
 +------
1| 1 1 1
2| 2 3 1
3| 3 1 2

Бінарна дія і таблиця Келі 426:
(1, 1) -> 1
(1, 2) -> 1
(1, 3) -> 1
(2, 1) -> 2
(2, 2) -> 3
(2, 3) -> 1
(3, 1) -> 3
(3, 2) -> 1
(3, 3) -> 3
.  1 2 3
 +------
1| 1 1 1
2| 2 3 1
3| 3 1 3

Бінарна дія і таблиця Келі 427:
(1, 1) -> 1
(1, 2) -> 1
(1, 3) -> 1
(2, 1) -> 2
(2, 2) -> 3
(2, 3) -> 1
(3, 1) -> 3
(3, 2) -> 2
(3, 3) -> 1
.  1 2 3
 +------
1| 1 1 1
2| 2 3 1
3| 3 2 1

Бінарна дія і таблиця Келі 428:
(1, 1) -> 1
(1, 2) -> 1
(1, 3) -> 1
(2, 1) -> 2
(2, 2) -> 3
(2, 3) -> 1
(3, 1) -> 3
(3, 2) -> 2
(3, 3) -> 2
.  1 2 3
 +------
1| 1 1 1
2| 2 3 1
3| 3 2 2

Бінарна дія і таблиця Келі 429:
(1, 1) -> 1
(1, 2) -> 1
(1, 3) -> 1
(2, 1) -> 2
(2, 2) -> 3
(2, 3) -> 1
(3, 1) -> 3
(3, 2) -> 2
(3, 3) -> 3
.  1 2 3
 +------
1| 1 1 1
2| 2 3 1
3| 3 2 3

Бінарна дія і таблиця Келі 430:
(1, 1) -> 1
(1, 2) -> 1
(1, 3) -> 1
(2, 1) -> 2
(2, 2) -> 3
(2, 3) -> 1
(3, 1) -> 3
(3, 2) -> 3
(3, 3) -> 1
.  1 2 3
 +------
1| 1 1 1
2| 2 3 1
3| 3 3 1

Бінарна дія і таблиця Келі 431:
(1, 1) -> 1
(1, 2) -> 1
(1, 3) -> 1
(2, 1) -> 2
(2, 2) -> 3
(2, 3) -> 1
(3, 1) -> 3
(3, 2) -> 3
(3, 3) -> 2
.  1 2 3
 +------
1| 1 1 1
2| 2 3 1
3| 3 3 2

Бінарна дія і таблиця Келі 432:
(1, 1) -> 1
(1, 2) -> 1
(1, 3) -> 1
(2, 1) -> 2
(2, 2) -> 3
(2, 3) -> 1
(3, 1) -> 3
(3, 2) -> 3
(3, 3) -> 3
.  1 2 3
 +------
1| 1 1 1
2| 2 3 1
3| 3 3 3

Бінарна дія і таблиця Келі 433:
(1, 1) -> 1
(1, 2) -> 1
(1, 3) -> 1
(2, 1) -> 2
(2, 2) -> 3
(2, 3) -> 2
(3, 1) -> 1
(3, 2) -> 1
(3, 3) -> 1
.  1 2 3
 +------
1| 1 1 1
2| 2 3 2
3| 1 1 1

Бінарна дія і таблиця Келі 434:
(1, 1) -> 1
(1, 2) -> 1
(1, 3) -> 1
(2, 1) -> 2
(2, 2) -> 3
(2, 3) -> 2
(3, 1) -> 1
(3, 2) -> 1
(3, 3) -> 2
.  1 2 3
 +------
1| 1 1 1
2| 2 3 2
3| 1 1 2

Бінарна дія і таблиця Келі 435:
(1, 1) -> 1
(1, 2) -> 1
(1, 3) -> 1
(2, 1) -> 2
(2, 2) -> 3
(2, 3) -> 2
(3, 1) -> 1
(3, 2) -> 1
(3, 3) -> 3
.  1 2 3
 +------
1| 1 1 1
2| 2 3 2
3| 1 1 3

Бінарна дія і таблиця Келі 436:
(1, 1) -> 1
(1, 2) -> 1
(1, 3) -> 1
(2, 1) -> 2
(2, 2) -> 3
(2, 3) -> 2
(3, 1) -> 1
(3, 2) -> 2
(3, 3) -> 1
.  1 2 3
 +------
1| 1 1 1
2| 2 3 2
3| 1 2 1

Бінарна дія і таблиця Келі 437:
(1, 1) -> 1
(1, 2) -> 1
(1, 3) -> 1
(2, 1) -> 2
(2, 2) -> 3
(2, 3) -> 2
(3, 1) -> 1
(3, 2) -> 2
(3, 3) -> 2
.  1 2 3
 +------
1| 1 1 1
2| 2 3 2
3| 1 2 2

Бінарна дія і таблиця Келі 438:
(1, 1) -> 1
(1, 2) -> 1
(1, 3) -> 1
(2, 1) -> 2
(2, 2) -> 3
(2, 3) -> 2
(3, 1) -> 1
(3, 2) -> 2
(3, 3) -> 3
.  1 2 3
 +------
1| 1 1 1
2| 2 3 2
3| 1 2 3

Бінарна дія і таблиця Келі 439:
(1, 1) -> 1
(1, 2) -> 1
(1, 3) -> 1
(2, 1) -> 2
(2, 2) -> 3
(2, 3) -> 2
(3, 1) -> 1
(3, 2) -> 3
(3, 3) -> 1
.  1 2 3
 +------
1| 1 1 1
2| 2 3 2
3| 1 3 1

Бінарна дія і таблиця Келі 440:
(1, 1) -> 1
(1, 2) -> 1
(1, 3) -> 1
(2, 1) -> 2
(2, 2) -> 3
(2, 3) -> 2
(3, 1) -> 1
(3, 2) -> 3
(3, 3) -> 2
.  1 2 3
 +------
1| 1 1 1
2| 2 3 2
3| 1 3 2

Бінарна дія і таблиця Келі 441:
(1, 1) -> 1
(1, 2) -> 1
(1, 3) -> 1
(2, 1) -> 2
(2, 2) -> 3
(2, 3) -> 2
(3, 1) -> 1
(3, 2) -> 3
(3, 3) -> 3
.  1 2 3
 +------
1| 1 1 1
2| 2 3 2
3| 1 3 3

Бінарна дія і таблиця Келі 442:
(1, 1) -> 1
(1, 2) -> 1
(1, 3) -> 1
(2, 1) -> 2
(2, 2) -> 3
(2, 3) -> 2
(3, 1) -> 2
(3, 2) -> 1
(3, 3) -> 1
.  1 2 3
 +------
1| 1 1 1
2| 2 3 2
3| 2 1 1

Бінарна дія і таблиця Келі 443:
(1, 1) -> 1
(1, 2) -> 1
(1, 3) -> 1
(2, 1) -> 2
(2, 2) -> 3
(2, 3) -> 2
(3, 1) -> 2
(3, 2) -> 1
(3, 3) -> 2
.  1 2 3
 +------
1| 1 1 1
2| 2 3 2
3| 2 1 2

Бінарна дія і таблиця Келі 444:
(1, 1) -> 1
(1, 2) -> 1
(1, 3) -> 1
(2, 1) -> 2
(2, 2) -> 3
(2, 3) -> 2
(3, 1) -> 2
(3, 2) -> 1
(3, 3) -> 3
.  1 2 3
 +------
1| 1 1 1
2| 2 3 2
3| 2 1 3

Бінарна дія і таблиця Келі 445:
(1, 1) -> 1
(1, 2) -> 1
(1, 3) -> 1
(2, 1) -> 2
(2, 2) -> 3
(2, 3) -> 2
(3, 1) -> 2
(3, 2) -> 2
(3, 3) -> 1
.  1 2 3
 +------
1| 1 1 1
2| 2 3 2
3| 2 2 1

Бінарна дія і таблиця Келі 446:
(1, 1) -> 1
(1, 2) -> 1
(1, 3) -> 1
(2, 1) -> 2
(2, 2) -> 3
(2, 3) -> 2
(3, 1) -> 2
(3, 2) -> 2
(3, 3) -> 2
.  1 2 3
 +------
1| 1 1 1
2| 2 3 2
3| 2 2 2

Бінарна дія і таблиця Келі 447:
(1, 1) -> 1
(1, 2) -> 1
(1, 3) -> 1
(2, 1) -> 2
(2, 2) -> 3
(2, 3) -> 2
(3, 1) -> 2
(3, 2) -> 2
(3, 3) -> 3
.  1 2 3
 +------
1| 1 1 1
2| 2 3 2
3| 2 2 3

Бінарна дія і таблиця Келі 448:
(1, 1) -> 1
(1, 2) -> 1
(1, 3) -> 1
(2, 1) -> 2
(2, 2) -> 3
(2, 3) -> 2
(3, 1) -> 2
(3, 2) -> 3
(3, 3) -> 1
.  1 2 3
 +------
1| 1 1 1
2| 2 3 2
3| 2 3 1

Бінарна дія і таблиця Келі 449:
(1, 1) -> 1
(1, 2) -> 1
(1, 3) -> 1
(2, 1) -> 2
(2, 2) -> 3
(2, 3) -> 2
(3, 1) -> 2
(3, 2) -> 3
(3, 3) -> 2
.  1 2 3
 +------
1| 1 1 1
2| 2 3 2
3| 2 3 2

Бінарна дія і таблиця Келі 450:
(1, 1) -> 1
(1, 2) -> 1
(1, 3) -> 1
(2, 1) -> 2
(2, 2) -> 3
(2, 3) -> 2
(3, 1) -> 2
(3, 2) -> 3
(3, 3) -> 3
.  1 2 3
 +------
1| 1 1 1
2| 2 3 2
3| 2 3 3

Бінарна дія і таблиця Келі 451:
(1, 1) -> 1
(1, 2) -> 1
(1, 3) -> 1
(2, 1) -> 2
(2, 2) -> 3
(2, 3) -> 2
(3, 1) -> 3
(3, 2) -> 1
(3, 3) -> 1
.  1 2 3
 +------
1| 1 1 1
2| 2 3 2
3| 3 1 1

Бінарна дія і таблиця Келі 452:
(1, 1) -> 1
(1, 2) -> 1
(1, 3) -> 1
(2, 1) -> 2
(2, 2) -> 3
(2, 3) -> 2
(3, 1) -> 3
(3, 2) -> 1
(3, 3) -> 2
.  1 2 3
 +------
1| 1 1 1
2| 2 3 2
3| 3 1 2

Бінарна дія і таблиця Келі 453:
(1, 1) -> 1
(1, 2) -> 1
(1, 3) -> 1
(2, 1) -> 2
(2, 2) -> 3
(2, 3) -> 2
(3, 1) -> 3
(3, 2) -> 1
(3, 3) -> 3
.  1 2 3
 +------
1| 1 1 1
2| 2 3 2
3| 3 1 3

Бінарна дія і таблиця Келі 454:
(1, 1) -> 1
(1, 2) -> 1
(1, 3) -> 1
(2, 1) -> 2
(2, 2) -> 3
(2, 3) -> 2
(3, 1) -> 3
(3, 2) -> 2
(3, 3) -> 1
.  1 2 3
 +------
1| 1 1 1
2| 2 3 2
3| 3 2 1

Бінарна дія і таблиця Келі 455:
(1, 1) -> 1
(1, 2) -> 1
(1, 3) -> 1
(2, 1) -> 2
(2, 2) -> 3
(2, 3) -> 2
(3, 1) -> 3
(3, 2) -> 2
(3, 3) -> 2
.  1 2 3
 +------
1| 1 1 1
2| 2 3 2
3| 3 2 2

Бінарна дія і таблиця Келі 456:
(1, 1) -> 1
(1, 2) -> 1
(1, 3) -> 1
(2, 1) -> 2
(2, 2) -> 3
(2, 3) -> 2
(3, 1) -> 3
(3, 2) -> 2
(3, 3) -> 3
.  1 2 3
 +------
1| 1 1 1
2| 2 3 2
3| 3 2 3

Бінарна дія і таблиця Келі 457:
(1, 1) -> 1
(1, 2) -> 1
(1, 3) -> 1
(2, 1) -> 2
(2, 2) -> 3
(2, 3) -> 2
(3, 1) -> 3
(3, 2) -> 3
(3, 3) -> 1
.  1 2 3
 +------
1| 1 1 1
2| 2 3 2
3| 3 3 1

Бінарна дія і таблиця Келі 458:
(1, 1) -> 1
(1, 2) -> 1
(1, 3) -> 1
(2, 1) -> 2
(2, 2) -> 3
(2, 3) -> 2
(3, 1) -> 3
(3, 2) -> 3
(3, 3) -> 2
.  1 2 3
 +------
1| 1 1 1
2| 2 3 2
3| 3 3 2

Бінарна дія і таблиця Келі 459:
(1, 1) -> 1
(1, 2) -> 1
(1, 3) -> 1
(2, 1) -> 2
(2, 2) -> 3
(2, 3) -> 2
(3, 1) -> 3
(3, 2) -> 3
(3, 3) -> 3
.  1 2 3
 +------
1| 1 1 1
2| 2 3 2
3| 3 3 3

Бінарна дія і таблиця Келі 460:
(1, 1) -> 1
(1, 2) -> 1
(1, 3) -> 1
(2, 1) -> 2
(2, 2) -> 3
(2, 3) -> 3
(3, 1) -> 1
(3, 2) -> 1
(3, 3) -> 1
.  1 2 3
 +------
1| 1 1 1
2| 2 3 3
3| 1 1 1

Бінарна дія і таблиця Келі 461:
(1, 1) -> 1
(1, 2) -> 1
(1, 3) -> 1
(2, 1) -> 2
(2, 2) -> 3
(2, 3) -> 3
(3, 1) -> 1
(3, 2) -> 1
(3, 3) -> 2
.  1 2 3
 +------
1| 1 1 1
2| 2 3 3
3| 1 1 2

Бінарна дія і таблиця Келі 462:
(1, 1) -> 1
(1, 2) -> 1
(1, 3) -> 1
(2, 1) -> 2
(2, 2) -> 3
(2, 3) -> 3
(3, 1) -> 1
(3, 2) -> 1
(3, 3) -> 3
.  1 2 3
 +------
1| 1 1 1
2| 2 3 3
3| 1 1 3

Бінарна дія і таблиця Келі 463:
(1, 1) -> 1
(1, 2) -> 1
(1, 3) -> 1
(2, 1) -> 2
(2, 2) -> 3
(2, 3) -> 3
(3, 1) -> 1
(3, 2) -> 2
(3, 3) -> 1
.  1 2 3
 +------
1| 1 1 1
2| 2 3 3
3| 1 2 1

Бінарна дія і таблиця Келі 464:
(1, 1) -> 1
(1, 2) -> 1
(1, 3) -> 1
(2, 1) -> 2
(2, 2) -> 3
(2, 3) -> 3
(3, 1) -> 1
(3, 2) -> 2
(3, 3) -> 2
.  1 2 3
 +------
1| 1 1 1
2| 2 3 3
3| 1 2 2

Бінарна дія і таблиця Келі 465:
(1, 1) -> 1
(1, 2) -> 1
(1, 3) -> 1
(2, 1) -> 2
(2, 2) -> 3
(2, 3) -> 3
(3, 1) -> 1
(3, 2) -> 2
(3, 3) -> 3
.  1 2 3
 +------
1| 1 1 1
2| 2 3 3
3| 1 2 3

Бінарна дія і таблиця Келі 466:
(1, 1) -> 1
(1, 2) -> 1
(1, 3) -> 1
(2, 1) -> 2
(2, 2) -> 3
(2, 3) -> 3
(3, 1) -> 1
(3, 2) -> 3
(3, 3) -> 1
.  1 2 3
 +------
1| 1 1 1
2| 2 3 3
3| 1 3 1

Бінарна дія і таблиця Келі 467:
(1, 1) -> 1
(1, 2) -> 1
(1, 3) -> 1
(2, 1) -> 2
(2, 2) -> 3
(2, 3) -> 3
(3, 1) -> 1
(3, 2) -> 3
(3, 3) -> 2
.  1 2 3
 +------
1| 1 1 1
2| 2 3 3
3| 1 3 2

Бінарна дія і таблиця Келі 468:
(1, 1) -> 1
(1, 2) -> 1
(1, 3) -> 1
(2, 1) -> 2
(2, 2) -> 3
(2, 3) -> 3
(3, 1) -> 1
(3, 2) -> 3
(3, 3) -> 3
.  1 2 3
 +------
1| 1 1 1
2| 2 3 3
3| 1 3 3

Бінарна дія і таблиця Келі 469:
(1, 1) -> 1
(1, 2) -> 1
(1, 3) -> 1
(2, 1) -> 2
(2, 2) -> 3
(2, 3) -> 3
(3, 1) -> 2
(3, 2) -> 1
(3, 3) -> 1
.  1 2 3
 +------
1| 1 1 1
2| 2 3 3
3| 2 1 1

Бінарна дія і таблиця Келі 470:
(1, 1) -> 1
(1, 2) -> 1
(1, 3) -> 1
(2, 1) -> 2
(2, 2) -> 3
(2, 3) -> 3
(3, 1) -> 2
(3, 2) -> 1
(3, 3) -> 2
.  1 2 3
 +------
1| 1 1 1
2| 2 3 3
3| 2 1 2

Бінарна дія і таблиця Келі 471:
(1, 1) -> 1
(1, 2) -> 1
(1, 3) -> 1
(2, 1) -> 2
(2, 2) -> 3
(2, 3) -> 3
(3, 1) -> 2
(3, 2) -> 1
(3, 3) -> 3
.  1 2 3
 +------
1| 1 1 1
2| 2 3 3
3| 2 1 3

Бінарна дія і таблиця Келі 472:
(1, 1) -> 1
(1, 2) -> 1
(1, 3) -> 1
(2, 1) -> 2
(2, 2) -> 3
(2, 3) -> 3
(3, 1) -> 2
(3, 2) -> 2
(3, 3) -> 1
.  1 2 3
 +------
1| 1 1 1
2| 2 3 3
3| 2 2 1

Бінарна дія і таблиця Келі 473:
(1, 1) -> 1
(1, 2) -> 1
(1, 3) -> 1
(2, 1) -> 2
(2, 2) -> 3
(2, 3) -> 3
(3, 1) -> 2
(3, 2) -> 2
(3, 3) -> 2
.  1 2 3
 +------
1| 1 1 1
2| 2 3 3
3| 2 2 2

Бінарна дія і таблиця Келі 474:
(1, 1) -> 1
(1, 2) -> 1
(1, 3) -> 1
(2, 1) -> 2
(2, 2) -> 3
(2, 3) -> 3
(3, 1) -> 2
(3, 2) -> 2
(3, 3) -> 3
.  1 2 3
 +------
1| 1 1 1
2| 2 3 3
3| 2 2 3

Бінарна дія і таблиця Келі 475:
(1, 1) -> 1
(1, 2) -> 1
(1, 3) -> 1
(2, 1) -> 2
(2, 2) -> 3
(2, 3) -> 3
(3, 1) -> 2
(3, 2) -> 3
(3, 3) -> 1
.  1 2 3
 +------
1| 1 1 1
2| 2 3 3
3| 2 3 1

Бінарна дія і таблиця Келі 476:
(1, 1) -> 1
(1, 2) -> 1
(1, 3) -> 1
(2, 1) -> 2
(2, 2) -> 3
(2, 3) -> 3
(3, 1) -> 2
(3, 2) -> 3
(3, 3) -> 2
.  1 2 3
 +------
1| 1 1 1
2| 2 3 3
3| 2 3 2

Бінарна дія і таблиця Келі 477:
(1, 1) -> 1
(1, 2) -> 1
(1, 3) -> 1
(2, 1) -> 2
(2, 2) -> 3
(2, 3) -> 3
(3, 1) -> 2
(3, 2) -> 3
(3, 3) -> 3
.  1 2 3
 +------
1| 1 1 1
2| 2 3 3
3| 2 3 3

Бінарна дія і таблиця Келі 478:
(1, 1) -> 1
(1, 2) -> 1
(1, 3) -> 1
(2, 1) -> 2
(2, 2) -> 3
(2, 3) -> 3
(3, 1) -> 3
(3, 2) -> 1
(3, 3) -> 1
.  1 2 3
 +------
1| 1 1 1
2| 2 3 3
3| 3 1 1

Бінарна дія і таблиця Келі 479:
(1, 1) -> 1
(1, 2) -> 1
(1, 3) -> 1
(2, 1) -> 2
(2, 2) -> 3
(2, 3) -> 3
(3, 1) -> 3
(3, 2) -> 1
(3, 3) -> 2
.  1 2 3
 +------
1| 1 1 1
2| 2 3 3
3| 3 1 2

Бінарна дія і таблиця Келі 480:
(1, 1) -> 1
(1, 2) -> 1
(1, 3) -> 1
(2, 1) -> 2
(2, 2) -> 3
(2, 3) -> 3
(3, 1) -> 3
(3, 2) -> 1
(3, 3) -> 3
.  1 2 3
 +------
1| 1 1 1
2| 2 3 3
3| 3 1 3

Бінарна дія і таблиця Келі 481:
(1, 1) -> 1
(1, 2) -> 1
(1, 3) -> 1
(2, 1) -> 2
(2, 2) -> 3
(2, 3) -> 3
(3, 1) -> 3
(3, 2) -> 2
(3, 3) -> 1
.  1 2 3
 +------
1| 1 1 1
2| 2 3 3
3| 3 2 1

Бінарна дія і таблиця Келі 482:
(1, 1) -> 1
(1, 2) -> 1
(1, 3) -> 1
(2, 1) -> 2
(2, 2) -> 3
(2, 3) -> 3
(3, 1) -> 3
(3, 2) -> 2
(3, 3) -> 2
.  1 2 3
 +------
1| 1 1 1
2| 2 3 3
3| 3 2 2

Бінарна дія і таблиця Келі 483:
(1, 1) -> 1
(1, 2) -> 1
(1, 3) -> 1
(2, 1) -> 2
(2, 2) -> 3
(2, 3) -> 3
(3, 1) -> 3
(3, 2) -> 2
(3, 3) -> 3
.  1 2 3
 +------
1| 1 1 1
2| 2 3 3
3| 3 2 3

Бінарна дія і таблиця Келі 484:
(1, 1) -> 1
(1, 2) -> 1
(1, 3) -> 1
(2, 1) -> 2
(2, 2) -> 3
(2, 3) -> 3
(3, 1) -> 3
(3, 2) -> 3
(3, 3) -> 1
.  1 2 3
 +------
1| 1 1 1
2| 2 3 3
3| 3 3 1

Бінарна дія і таблиця Келі 485:
(1, 1) -> 1
(1, 2) -> 1
(1, 3) -> 1
(2, 1) -> 2
(2, 2) -> 3
(2, 3) -> 3
(3, 1) -> 3
(3, 2) -> 3
(3, 3) -> 2
.  1 2 3
 +------
1| 1 1 1
2| 2 3 3
3| 3 3 2

Бінарна дія і таблиця Келі 486:
(1, 1) -> 1
(1, 2) -> 1
(1, 3) -> 1
(2, 1) -> 2
(2, 2) -> 3
(2, 3) -> 3
(3, 1) -> 3
(3, 2) -> 3
(3, 3) -> 3
.  1 2 3
 +------
1| 1 1 1
2| 2 3 3
3| 3 3 3

Бінарна дія і таблиця Келі 487:
(1, 1) -> 1
(1, 2) -> 1
(1, 3) -> 1
(2, 1) -> 3
(2, 2) -> 1
(2, 3) -> 1

