Кількість класів ізоморфності: 24
Кількість дій у кожному класі:
Операція: (0, 0, 0, 0, 0, 0, 0, 0, 0), кількість: 3
Операція: (0, 0, 0, 0, 0, 0, 0, 0, 1), кількість: 6
Операція: (0, 0, 0, 0, 0, 0, 0, 0, 2), кількість: 6
Операція: (0, 0, 0, 0, 0, 0, 0, 1, 2), кількість: 6
Операція: (0, 0, 0, 0, 0, 0, 2, 2, 2), кількість: 6
Операція: (0, 0, 0, 0, 0, 1, 0, 0, 2), кількість: 6
Операція: (0, 0, 0, 0, 0, 1, 0, 1, 2), кількість: 6
Операція: (0, 0, 0, 0, 1, 0, 0, 0, 2), кількість: 3
Операція: (0, 0, 0, 0, 1, 0, 2, 2, 2), кількість: 6
Операція: (0, 0, 0, 0, 1, 1, 0, 1, 1), кількість: 6
Операція: (0, 0, 0, 0, 1, 1, 0, 1, 2), кількість: 6
Операція: (0, 0, 0, 0, 1, 1, 0, 2, 2), кількість: 3
Операція: (0, 0, 0, 0, 1, 2, 0, 1, 2), кількість: 3
Операція: (0, 0, 0, 0, 1, 2, 0, 2, 1), кількість: 6
Операція: (0, 0, 0, 0, 1, 2, 2, 2, 2), кількість: 3
Операція: (0, 0, 0, 1, 1, 1, 2, 2, 2), кількість: 1
Операція: (0, 0, 2, 0, 0, 2, 0, 0, 2), кількість: 6
Операція: (0, 0, 2, 0, 0, 2, 2, 2, 0), кількість: 6
Операція: (0, 0, 2, 0, 1, 2, 0, 0, 2), кількість: 6
Операція: (0, 0, 2, 0, 1, 2, 0, 2, 2), кількість: 3
Операція: (0, 0, 2, 0, 1, 2, 2, 2, 0), кількість: 6
Операція: (0, 1, 1, 1, 0, 0, 1, 0, 0), кількість: 6
Операція: (0, 1, 2, 0, 1, 2, 0, 1, 2), кількість: 1
Операція: (0, 1, 2, 1, 2, 0, 2, 0, 1), кількість: 3